0.21408499777317 2.73554420471191 0.200499415397644 2.72768139839172 0.150477856397629 2.88469910621643
0.211147323250771 2.72565674781799 0.197399333119392 2.71898436546326 0.148066103458405 2.87983369827271
0.193141177296638 2.67035460472107 0.171604424715042 2.653888463974 0.14291912317276 2.85986042022705
0.19038225710392 2.65943217277527 0.166335493326187 2.65160059928894 0.138878479599953 2.84632015228271
0.185328438878059 2.64073657989502 0.166302725672722 2.64234399795532 0.134709313511848 2.83310222625732
0.18426850438118 2.63817071914673 0.164821550250053 2.63950705528259 0.129834100604057 2.8181164264679
0.18295431137085 2.63491582870483 0.16291069984436 2.63535261154175 0.126995995640755 2.79816269874573
0.18090295791626 2.63169527053833 0.160615086555481 2.63696765899658 0.122865326702595 2.78422617912292
0.179533734917641 2.62955832481384 0.160021796822548 2.63413763046265 0.119893737137318 2.7618145942688
0.176772013306618 2.62351322174072 0.160614997148514 2.62875986099243 0.116055190563202 2.74205708503723
0.175832524895668 2.62072205543518 0.159626483917236 2.62866640090942 0.115993067622185 2.72512555122375
0.173582807183266 2.61836791038513 0.15935206413269 2.62760376930237 0.112399056553841 2.70889782905579
0.172964602708817 2.61698031425476 0.158633440732956 2.62554049491882 0.111814141273499 2.6869523525238
0.17119674384594 2.61289000511169 0.151696264743805 2.63241529464722 0.113121785223484 2.66927790641785
0.16852168738842 2.61173748970032 0.14552965760231 2.64275026321411 0.114089004695415 2.65611481666565
0.166463628411293 2.61194920539856 0.125006139278412 2.7629816532135 0.114263117313385 2.64067363739014
0.163697153329849 2.61396384239197 0.122458659112453 2.75440716743469 0.111373260617256 2.62528848648071
0.162529215216637 2.61469841003418 0.116637282073498 2.70242667198181 0.110022582113743 2.61100482940674
0.16065077483654 2.6142749786377 0.11413549631834 2.69111800193787 0.109189458191395 2.59782695770264
0.155734539031982 2.61305904388428 0.0987814739346504 2.65093541145325 0.107605032622814 2.58246183395386
0.150350600481033 2.60508131980896 0.0691014304757118 2.59692811965942 0.105979181826115 2.56985998153687
0.153795078396797 2.60160827636719 0.0545060485601425 2.55693793296814 0.102358587086201 2.55944204330444
0.154622331261635 2.59838533401489 0.0241174567490816 2.49337387084961 0.0983348712325096 2.54601192474365
0.156232193112373 2.59772896766663 0.00504147820174694 2.43673491477966 0.0964418202638626 2.53641605377197
0.157008156180382 2.59653925895691 -0.007420573849231 2.39068126678467 0.0909289196133614 2.52230191230774
0.15705306828022 2.59585666656494 -0.0213986225426197 2.34094429016113 0.0858899056911469 2.50719928741455
0.156743764877319 2.59536743164063 -0.0288007389754057 2.30928993225098 0.0825995951890945 2.49510908126831
0.156565576791763 2.59489417076111 -0.0336909405887127 2.27855515480042 0.0776058882474899 2.47682213783264
0.156497284770012 2.59366846084595 -0.0364220477640629 2.26852536201477 0.0726791173219681 2.45947027206421
0.155536666512489 2.59250164031982 -0.0382398664951324 2.26025748252869 0.0644143968820572 2.44006252288818
0.15462139248848 2.59043717384338 -0.0388754531741142 2.24649548530579 0.0571902468800545 2.41685819625854
0.153241515159607 2.58575105667114 -0.0390306785702705 2.24067163467407 0.0453334301710129 2.39586663246155
0.151264607906342 2.57356357574463 -0.0422325171530247 2.23064279556274 0.0323009788990021 2.37437152862549
0.150351956486702 2.56570434570313 -0.0439343862235546 2.22788000106812 0.0165218655019999 2.35087561607361
0.148334786295891 2.5460057258606 -0.0461585596203804 2.22440695762634 0.00432676030322909 2.32776832580566
0.145331248641014 2.52131843566895 -0.0467816069722176 2.22275829315186 -0.00617062766104937 2.3107168674469
0.141610726714134 2.50739860534668 -0.0480715148150921 2.21930837631226 -0.0142949055880308 2.29322957992554
0.13444721698761 2.46930146217346 -0.0483852364122868 2.21884512901306 -0.0227589160203934 2.27270221710205
0.125927269458771 2.4414849281311 -0.0488003343343735 2.21815037727356 -0.0304423775523901 2.26092672348022
0.111129991710186 2.38793349266052 -0.0494513139128685 2.21597123146057 -0.0381662845611572 2.24515223503113
0.0944482088088989 2.33904767036438 -0.0495019406080246 2.21374368667603 -0.0505833029747009 2.23397445678711
0.0752842873334885 2.28230261802673 -0.0488119013607502 2.21292519569397 -0.0568044148385525 2.22255778312683
0.0419289469718933 2.22167682647705 -0.045603409409523 2.21146488189697 -0.0706382095813751 2.21037554740906
0.0364004448056221 2.14325833320618 -0.0364937707781792 2.20180249214172 -0.0750918313860893 2.20073938369751
0.0118674030527472 2.12584543228149 -0.0365648157894611 2.19417262077332 -0.0813431814312935 2.1847870349884
0.0172219183295965 2.04765677452087 -0.039033655077219 2.16330146789551 -0.0870853066444397 2.17496490478516
-0.00146932178176939 1.99188852310181 -0.0560629703104496 2.14376854896545 -0.0934474021196365 2.15973520278931
-0.018110753968358 1.95588254928589 -0.0782316848635674 2.19222140312195 -0.0988528952002525 2.14301896095276
-0.0228299498558044 1.8961740732193 -0.0910478383302689 2.22366547584534 -0.10139462351799 2.12873387336731
-0.0279580671340227 1.86799943447113 -0.101888328790665 2.20741176605225 -0.105444043874741 2.10693168640137
-0.0407320484519005 1.82786107063293 -0.107758387923241 2.20358967781067 -0.116689369082451 2.09546518325806
-0.0428745597600937 1.81898486614227 -0.114364869892597 2.18470358848572 -0.116294741630554 2.06379365921021
-0.0462825633585453 1.80693697929382 -0.113596148788929 2.192715883255 -0.119936861097813 2.04620099067688
-0.0512139834463596 1.79559302330017 -0.124992623925209 2.14761734008789 -0.123417176306248 2.01589608192444
-0.058070994913578 1.78154742717743 -0.125324353575706 2.16351938247681 -0.12856887280941 1.99583983421326
-0.059128426015377 1.77929520606995 -0.134961858391762 2.13752841949463 -0.13445620238781 1.96333396434784
-0.0597540177404881 1.77595818042755 -0.124023884534836 2.08759546279907 -0.138466000556946 1.94331085681915
-0.0597080364823341 1.77464044094086 -0.127640053629875 2.07486295700073 -0.139749363064766 1.91352295875549
-0.0505553223192692 1.77310431003571 -0.140627145767212 1.99992024898529 -0.14127890765667 1.88751101493835
-0.0506530478596687 1.77275454998016 -0.127728074789047 2.0615062713623 -0.141516774892807 1.86220467090607
-0.0509665198624134 1.77165341377258 -0.125703990459442 2.04023623466492 -0.140083909034729 1.83891463279724
-0.0531487464904785 1.77001428604126 -0.121904738247395 1.98124659061432 -0.14019700884819 1.81643283367157
-0.0553317256271839 1.76840472221375 -0.128012612462044 1.93956506252289 -0.142074272036552 1.79853248596191
-0.060408353805542 1.7672746181488 -0.132261171936989 1.90797281265259 -0.146679624915123 1.78074193000793
-0.0634915009140968 1.76717936992645 -0.13959065079689 1.85392272472382 -0.151019126176834 1.76360440254211
-0.069310836493969 1.76604163646698 -0.158028066158295 1.80688691139221 -0.153881430625916 1.74583888053894
-0.0707604289054871 1.76331198215485 -0.190188720822334 1.74426674842834 -0.15556637942791 1.72910988330841
-0.071369431912899 1.76092481613159 -0.216545030474663 1.67862820625305 -0.160081714391708 1.71137452125549
-0.0715750530362129 1.75840079784393 -0.24091936647892 1.62272131443024 -0.164345979690552 1.6962513923645
-0.072439931333065 1.75626230239868 -0.263959676027298 1.56682479381561 -0.169475317001343 1.68349385261536
-0.0732462629675865 1.75446736812592 -0.282563000917435 1.50999283790588 -0.175938010215759 1.66432511806488
-0.0734888091683388 1.75265347957611 -0.300781756639481 1.47203361988068 -0.181561589241028 1.64657211303711
-0.0740756466984749 1.75050234794617 -0.31572636961937 1.43187165260315 -0.187288522720337 1.628826379776
-0.0744417235255241 1.74773824214935 -0.322961241006851 1.41170275211334 -0.192619159817696 1.6104564666748
-0.075152114033699 1.74516272544861 -0.323956429958344 1.4047064781189 -0.19809553027153 1.59118854999542
-0.0753372684121132 1.74182188510895 -0.326357334852219 1.39526236057281 -0.205487564206123 1.56835103034973
-0.0768353044986725 1.73762023448944 -0.327942162752151 1.38793504238129 -0.211705461144447 1.54431426525116
-0.0783357322216034 1.73187553882599 -0.330824971199036 1.38383960723877 -0.221481263637543 1.52422261238098
-0.0823459923267365 1.71917283535004 -0.333047777414322 1.38073575496674 -0.239422798156738 1.49501204490662
-0.0863906443119049 1.70643162727356 -0.335237592458725 1.37713003158569 -0.244735047221184 1.47724342346191
-0.0911566838622093 1.69196712970734 -0.338114559650421 1.37152707576752 -0.257197201251984 1.45712304115295
-0.0974107012152672 1.67194879055023 -0.340182423591614 1.36924648284912 -0.266540199518204 1.4399425983429
-0.103368416428566 1.6559534072876 -0.341789722442627 1.36656498908997 -0.277801364660263 1.42140746116638
-0.119990512728691 1.61721384525299 -0.343517124652863 1.3640011548996 -0.291003614664078 1.40434455871582
-0.143706992268562 1.57205986976624 -0.344548225402832 1.36268043518066 -0.301486670970917 1.38966763019562
-0.161743253469467 1.51724648475647 -0.346820861101151 1.35927832126617 -0.310080140829086 1.37759327888489
-0.181791558861732 1.46430730819702 -0.347348034381866 1.35780680179596 -0.321742624044418 1.36221611499786
0 0 0 0 0 0
0.296139180660248 2.95990991592407 0.18670979142189 2.98933243751526 0.180592998862267 2.91597843170166
0.294048249721527 2.95903754234314 0.186846226453781 2.98903632164001 0.180423378944397 2.91580271720886
0.294183731079102 2.9589147567749 0.186767250299454 2.98856139183044 0.180333316326141 2.91571593284607
0.283582210540771 2.95655274391174 0.186597496271133 2.98825597763062 0.179898351430893 2.91510534286499
0.283241719007492 2.9568305015564 0.186639755964279 2.98818778991699 0.179483234882355 2.91492772102356
0.281289011240005 2.9565577507019 0.187055930495262 2.98778867721558 0.176786109805107 2.91376900672913
0.279228448867798 2.95417881011963 0.187382489442825 2.98721718788147 0.176332160830498 2.91368794441223
0.280565828084946 2.95073294639587 0.191538214683533 2.98383688926697 0.174889504909515 2.91355133056641
0.270346969366074 2.9474196434021 0.192291349172592 2.98369407653809 0.173397272825241 2.9132285118103
0.264510899782181 2.93126392364502 0.193084254860878 2.98212313652039 0.172635346651077 2.91312003135681
0.255673676729202 2.92153573036194 0.19335013628006 2.98164868354797 0.170513302087784 2.91248750686646
0.245278671383858 2.8983907699585 0.19331768155098 2.98105144500732 0.168717622756958 2.91133213043213
0.24601112306118 2.86518669128418 0.192670896649361 2.97716426849365 0.167302042245865 2.90957641601563
0.235352084040642 2.80692863464355 0.181641936302185 2.93590641021729 0.165767997503281 2.90666127204895
0.230947211384773 2.79315090179443 0.179577752947807 2.88114857673645 0.164126321673393 2.90324640274048
0.215516284108162 2.74437236785889 0.170390084385872 2.96330571174622 0.162041530013084 2.89785122871399
0.210916385054588 2.73419976234436 0.165734276175499 2.97188138961792 0.160516336560249 2.89093971252441
0.201962754130363 2.69970965385437 0.160096570849419 2.97257781028748 0.158764034509659 2.881014585495
0.197022244334221 2.68362832069397 0.154897689819336 2.97186899185181 0.156415477395058 2.87193918228149
0.192621260881424 2.67155528068542 0.152991369366646 2.97216129302979 0.152920633554459 2.86106157302856
0.190442845225334 2.66206574440002 0.132742330431938 2.9720025062561 0.149556905031204 2.84748840332031
0.188940122723579 2.65431523323059 0.1372060328722 2.95356607437134 0.143408834934235 2.83585262298584
0.185719400644302 2.64475035667419 0.150145754218102 2.94364714622498 0.138450413942337 2.81972575187683
0.18365789949894 2.63802814483643 0.151130631566048 2.94023466110229 0.13409212231636 2.79836654663086
0.18148809671402 2.63475394248962 0.149987995624542 2.92395234107971 0.130686745047569 2.78475856781006
0.178831562399864 2.63085174560547 0.148806378245354 2.9105327129364 0.126735255122185 2.76312732696533
0.177937656641006 2.62796902656555 0.143905058503151 2.87235617637634 0.123075589537621 2.74422955513
0.178182914853096 2.62573027610779 0.141473650932312 2.87023854255676 0.123554609715939 2.72338557243347
0.177835002541542 2.62507700920105 0.141576901078224 2.80682992935181 0.121778793632984 2.70638561248779
0.177012100815773 2.62358093261719 0.126411154866219 2.8693540096283 0.120868422091007 2.68737840652466
0.175247400999069 2.62097120285034 0.129441887140274 2.83808755874634 0.11977219581604 2.66781949996948
0.174002274870872 2.6194269657135 0.129625529050827 2.81732892990112 0.121053069829941 2.65457582473755
0.172146841883659 2.61831426620483 0.126093223690987 2.76379537582397 0.118657164275646 2.63801908493042
0.16922502219677 2.61854434013367 0.122249893844128 2.7509617805481 0.116690173745155 2.6254518032074
0.16584150493145 2.62190461158752 0.116019323468208 2.72391796112061 0.115322381258011 2.61363410949707
0.163682878017426 2.62172818183899 0.109908506274223 2.68706274032593 0.113950729370117 2.59900498390198
0.162280663847923 2.62078332901001 0.092534564435482 2.63625693321228 0.11136220395565 2.58392953872681
0.159522444009781 2.61288714408875 0.0719187408685684 2.60402774810791 0.10923583060503 2.57219982147217
0.160207122564316 2.60916638374329 0.0500652380287647 2.55651259422302 0.105746619403362 2.56174159049988
0.159502312541008 2.60160613059998 0.0228403266519308 2.49601316452026 0.101257301867008 2.5480170249939
0.159384876489639 2.59874987602234 0.00719261635094881 2.44716024398804 0.0988119915127754 2.53844523429871
0.159857332706451 2.59836196899414 -0.00678459601476789 2.39436674118042 0.0953343585133553 2.52585864067078
0.159643322229385 2.5969614982605 -0.0206413138657808 2.34844350814819 0.0909187644720078 2.50946354866028
0.15923947095871 2.59552645683289 -0.0289751477539539 2.31471848487854 0.0878164917230606 2.49719285964966
0.158661797642708 2.595219373703 -0.0327254980802536 2.28595280647278 0.0836769491434097 2.48001670837402
0.15854899585247 2.59424352645874 -0.0349669419229031 2.2748966217041 0.076530784368515 2.46331644058228
0.15812860429287 2.59296107292175 -0.0358927138149738 2.2700023651123 0.0710351765155792 2.44165444374084
0.157551735639572 2.59006333351135 -0.0365538969635963 2.26171159744263 0.0620009638369083 2.41997838020325
0.157089054584503 2.58606147766113 -0.0391716994345188 2.24780774116516 0.0507540926337242 2.39680910110474
0.154631704092026 2.57408356666565 -0.0414552688598633 2.24348568916321 0.0383433029055595 2.37784624099731
0.15242925286293 2.56437039375305 -0.0443852916359901 2.23999166488647 0.0250734034925699 2.35439133644104
0.150454521179199 2.5446994304657 -0.046892624348402 2.23446583747864 0.0100358370691538 2.33050084114075
0.147317737340927 2.51895093917847 -0.0479685626924038 2.23129177093506 -0.00252822181209922 2.31082987785339
0.141036748886108 2.50016641616821 -0.0488195270299912 2.22877407073975 -0.0106762414798141 2.29333472251892
0.133332073688507 2.45768547058105 -0.0498967468738556 2.22711801528931 -0.0159137733280659 2.27642416954041
0.123405568301678 2.43120622634888 -0.0508403442800045 2.22540616989136 -0.0265282168984413 2.26207590103149
0.109792992472649 2.38754796981812 -0.0518779903650284 2.22259759902954 -0.0344038233160973 2.24796175956726
0.0979789867997169 2.34021306037903 -0.0524098761379719 2.22048616409302 -0.048963725566864 2.23438239097595
0.0709539800882339 2.27935361862183 -0.052508506923914 2.21857047080994 -0.0574025474488735 2.2257022857666
0.0332359187304974 2.22820043563843 -0.0512191280722618 2.21656346321106 -0.0698088705539703 2.2114360332489
0.0290939398109913 2.17953491210938 -0.0441555008292198 2.21156096458435 -0.0755101293325424 2.20154666900635
0.0292587634176016 2.13838791847229 -0.0367270857095718 2.19388484954834 -0.0815753489732742 2.18686366081238
0.0202505458146334 2.05619025230408 -0.0421591512858868 2.19359016418457 -0.0870790332555771 2.17746663093567
0.0070736245252192 1.99947786331177 -0.0510771796107292 2.17907667160034 -0.0908973813056946 2.15918302536011
-0.00942763779312372 1.94766473770142 -0.0592274591326714 2.15003132820129 -0.0958447903394699 2.14364981651306
-0.0202710200101137 1.9092663526535 -0.0832112953066826 2.2027759552002 -0.101783819496632 2.13017582893372
-0.0344813615083694 1.86167204380035 -0.110046975314617 2.23684048652649 -0.106345780193806 2.10897850990295
-0.0395854413509369 1.84131503105164 -0.111517079174519 2.23443007469177 -0.107889242470264 2.08820223808289
-0.0436405800282955 1.82223439216614 -0.114635296165943 2.22991800308228 -0.11378962546587 2.07076740264893
-0.0458232313394547 1.81446349620819 -0.117871806025505 2.22166395187378 -0.120416462421417 2.04500555992126
-0.0471317954361439 1.80827677249908 -0.126741573214531 2.1815664768219 -0.12402456253767 2.0191707611084
-0.0499619990587235 1.80187809467316 -0.130759418010712 2.13480710983276 -0.131223887205124 1.99696755409241
-0.051222313195467 1.79625737667084 -0.131420835852623 2.11393880844116 -0.137752994894981 1.96697092056274
-0.0518272742629051 1.79113006591797 -0.131754353642464 2.07957768440247 -0.141707956790924 1.94649648666382
-0.0518337786197662 1.78723323345184 -0.116335049271584 2.07991409301758 -0.141732335090637 1.91572165489197
-0.0503120422363281 1.78122699260712 -0.122342251241207 2.07602071762085 -0.142672061920166 1.88914787769318
-0.0503087751567364 1.77848660945892 -0.126350358128548 2.0657913684845 -0.144185364246368 1.86536478996277
-0.0507005713880062 1.77615058422089 -0.125840023159981 2.04186415672302 -0.141409367322922 1.8409925699234
-0.0528157278895378 1.77285254001617 -0.123371705412865 1.98387658596039 -0.140578761696815 1.81900799274445
-0.0542759709060192 1.76975357532501 -0.128716066479683 1.94793725013733 -0.142480164766312 1.80094921588898
-0.0597319528460503 1.76771903038025 -0.134871289134026 1.89431142807007 -0.147029057145119 1.78305542469025
-0.0611971765756607 1.76634991168976 -0.141474679112434 1.85085606575012 -0.151759594678879 1.76601755619049
-0.0689439848065376 1.76607382297516 -0.160472750663757 1.80200338363647 -0.154623299837112 1.74774837493896
-0.0698941797018051 1.76383197307587 -0.186408445239067 1.74594700336456 -0.155721575021744 1.73181283473969
-0.0709112510085106 1.76075577735901 -0.216884136199951 1.68032324314117 -0.160285085439682 1.71436762809753
-0.0712322443723679 1.7585437297821 -0.241278067231178 1.62246429920197 -0.164678663015366 1.69868564605713
-0.0720660760998726 1.7572695016861 -0.262583941221237 1.56753146648407 -0.169766396284103 1.68554735183716
-0.0727931559085846 1.75506389141083 -0.284197986125946 1.51173388957977 -0.175448849797249 1.66798174381256
-0.0732068121433258 1.75302004814148 -0.302559494972229 1.46708500385284 -0.182265013456345 1.6491037607193
-0.0740600079298019 1.75090157985687 -0.313104033470154 1.43971920013428 -0.187760889530182 1.63157260417938
-0.0743549540638924 1.74860668182373 -0.320970237255096 1.41799056529999 -0.192882105708122 1.61312961578369
-0.0756135508418083 1.74605822563171 -0.322817265987396 1.40886151790619 -0.198487028479576 1.59320974349976
-0.0759674459695816 1.74330031871796 -0.325407832860947 1.39982604980469 -0.20547904074192 1.57122993469238
-0.0768779292702675 1.7385265827179 -0.327841609716415 1.39174664020538 -0.211846768856049 1.54737627506256
-0.0786899849772453 1.72922098636627 -0.331182152032852 1.3869903087616 -0.222130715847015 1.52531635761261
-0.0819635391235352 1.71800518035889 -0.333038032054901 1.38383817672729 -0.239288106560707 1.4981986284256
-0.0862357914447784 1.70594799518585 -0.335417687892914 1.38000011444092 -0.24503256380558 1.47952175140381
-0.0923528745770454 1.68655586242676 -0.338347315788269 1.37270152568817 -0.257481873035431 1.45956826210022
-0.0992567613720894 1.66154026985168 -0.340643018484116 1.37033140659332 -0.266925603151321 1.44182670116425
-0.105877578258514 1.64048063755035 -0.342221260070801 1.36758399009705 -0.278138637542725 1.42382907867432
-0.126427352428436 1.6013560295105 -0.343682527542114 1.36578547954559 -0.292081326246262 1.406569480896
-0.14411361515522 1.57040286064148 -0.344749480485916 1.36489617824554 -0.302515506744385 1.39204406738281
-0.161314502358437 1.51790225505829 -0.345842719078064 1.36280345916748 -0.310585170984268 1.38012397289276
-0.181117504835129 1.46590423583984 -0.346386313438416 1.36064124107361 -0.321773916482925 1.36468160152435
