0.16303063929081 4.04582166671753 -0.00516815157607198 4.02632141113281 0.120606184005737 3.9527907371521 7.065
0.163129404187202 4.0457968711853 0.00269684731028974 3.98667693138123 0.121741697192192 3.94749045372009 7.094
0.163822054862976 4.04435157775879 -0.0158390980213881 3.93450617790222 0.123488783836365 3.94132494926453 7.128
0.1617731153965 4.03968334197998 -0.0250170007348061 3.8989634513855 0.125640392303467 3.92571306228638 7.158
0.161674007773399 4.03799104690552 -0.0424997322261333 3.84624123573303 0.124640047550201 3.91664171218872 7.194
0.161400601267815 4.03590154647827 -0.0617682114243507 3.79338192939758 0.125172033905983 3.90709114074707 7.227
0.160838425159454 4.03419637680054 -0.072343185544014 3.7536826133728 0.122678503394127 3.89573240280151 7.262
0.160048693418503 4.03088665008545 -0.0924866795539856 3.70144009590149 0.126358658075333 3.88023710250854 7.295
0.160604119300842 4.03002452850342 -0.0977133885025978 3.65281105041504 0.124390557408333 3.86424922943115 7.328
0.160300627350807 4.02780103683472 -0.104940488934517 3.60390782356262 0.124718278646469 3.85295271873474 7.363
0.157461747527122 4.0242338180542 -0.0989939570426941 3.5706946849823 0.13676817715168 3.83001494407654 7.398
0.154146179556847 4.01904344558716 -0.112460613250732 3.53269529342651 0.136535093188286 3.82236242294312 7.428
0.152737870812416 4.0151743888855 -0.110004536807537 3.47668671607971 0.142056211829185 3.79428148269653 7.464
0.152052730321884 4.01247501373291 -0.107340447604656 3.44987201690674 0.141693308949471 3.78156471252441 7.496
0.148232042789459 4.00800800323486 -0.102007433772087 3.38773345947266 0.138053044676781 3.75329852104187 7.528
0.145600989460945 4.00427103042603 -0.099816769361496 3.38031983375549 0.137882694602013 3.73980450630188 7.56
0.14326636493206 4.0013165473938 -0.0969761982560158 3.34649062156677 0.14081022143364 3.71541333198547 7.597
0.136815145611763 3.98758101463318 -0.0913694947957993 3.32663607597351 0.142791152000427 3.6896915435791 7.631
0.132406160235405 3.98117542266846 -0.0976020842790604 3.30411171913147 0.14400452375412 3.66531991958618 7.662
0.129631981253624 3.97309112548828 -0.0992264151573181 3.26691174507141 0.143574640154839 3.64358067512512 7.694
0.130407333374023 3.95747494697571 -0.0987234190106392 3.25226259231567 0.142312496900558 3.61335015296936 7.725
0.128733649849892 3.94335007667542 -0.107767790555954 3.21804642677307 0.136552795767784 3.57985401153564 7.762
0.126529574394226 3.91954255104065 -0.100753493607044 3.18603920936584 0.119608744978905 3.55012965202332 7.794
0.126862034201622 3.91310548782349 -0.0992231592535973 3.15609264373779 0.100403010845184 3.50709414482117 7.827
0.127107471227646 3.88917827606201 -0.10485965013504 3.11786699295044 0.0932101830840111 3.47614002227783 7.863
0.12755860388279 3.88466882705688 -0.111299701035023 3.08214855194092 0.0791177898645401 3.42472696304321 7.895
0.130498662590981 3.85758924484253 -0.110323645174503 3.06557583808899 0.0696176141500473 3.39297699928284 7.926
0.131302252411842 3.83777093887329 -0.11253947019577 3.04549717903137 0.0574996210634708 3.34770321846008 7.965
0.135056868195534 3.82014584541321 -0.11399182677269 3.03088021278381 0.0455139093101025 3.31562232971191 7.995
0.13975602388382 3.80654001235962 -0.12942673265934 3.01635503768921 0.0310770384967327 3.27577519416809 8.027
0.141880750656128 3.82618832588196 -0.132600054144859 3.01410984992981 0.0264658853411675 3.26117372512817 8.062
0.147181451320648 3.70798587799072 -0.136158734560013 3.00824117660522 0.0130062000826001 3.21941733360291 8.166
0.148640885949135 3.78976273536682 -0.139722585678101 3.00511646270752 0.00178039772436023 3.27549958229065 8.298
0.141419172286987 3.64807534217834 -0.139835566282272 3.00206470489502 -0.00426655914634466 3.25961804389954 8.446
0.14579413831234 3.74314999580383 -0.139938473701477 3.00127625465393 -0.0122911436483264 3.22444605827332 8.76
0.125914439558983 3.67014074325562 -0.138639435172081 3.00094985961914 -0.0215541403740644 3.18979787826538 8.94
0.114259853959084 3.56238555908203 -0.134893581271172 3.00060248374939 -0.0284400656819344 3.1596941947937 9.037
0.106044501066208 3.4884204864502 -0.131060555577278 3.00149178504944 -0.0368627160787582 3.13141536712646 9.194
0.094788558781147 3.4143922328949 -0.126490220427513 3.00419735908508 -0.0468945987522602 3.10575079917908 9.352
0.0953748300671577 3.2870671749115 -0.125143572688103 3.00362420082092 -0.0551411658525467 3.07537984848022 9.438
0.0848070457577705 3.12495136260986 -0.124785654246807 3.00426459312439 -0.0656553208827972 3.04806613922119 9.526
0.0648377537727356 2.99177145957947 -0.121852442622185 3.00610017776489 -0.0754083395004272 2.91261649131775 9.619
0.0629462152719498 2.87103986740112 -0.123105175793171 3.00003242492676 -0.0852436125278473 2.88832974433899 9.702
0.0429687574505806 2.74604082107544 -0.121155142784119 2.98508858680725 -0.0962216407060623 2.84833097457886 9.765
0.0314172506332397 2.63075375556946 -0.119105979800224 2.982093334198 -0.106403134763241 2.81818294525146 9.948
0.0296787694096565 2.53096151351929 -0.116196848452091 2.98105907440186 -0.114607416093349 2.78267049789429 10.064
0.0207667965441942 2.43305039405823 -0.116487734019756 2.97912764549255 -0.125322625041008 2.75005006790161 10.18
0.0126938838511705 2.37671661376953 -0.116454795002937 2.97754526138306 -0.134241253137589 2.7077202796936 10.249
0.00654788315296173 2.30051279067993 -0.110706761479378 2.95893526077271 -0.135154619812965 2.67295122146606 10.327
0.00269982172176242 2.2184464931488 -0.133551299571991 2.87535858154297 -0.135031506419182 2.63151574134827 10.425
-0.00537073193117976 2.16766452789307 -0.129612863063812 2.85372710227966 -0.141829133033752 2.59397101402283 10.541
-0.0126890800893307 2.11204147338867 -0.127338036894798 2.82179188728333 -0.141229823231697 2.5558648109436 10.577
-0.0162137504667044 2.06079816818237 -0.140633881092072 2.77965497970581 -0.142999783158302 2.51534366607666 10.618
-0.0237933732569218 2.02009010314941 -0.140899538993835 2.75589156150818 -0.137331262230873 2.47368454933167 10.702
-0.023273054510355 2.00213575363159 -0.141264542937279 2.72775959968567 -0.136116936802864 2.43809914588928 10.793
-0.0249539241194725 1.96422362327576 -0.137997508049011 2.70826268196106 -0.132880166172981 2.39071440696716 10.891
-0.0319080650806427 1.92966032028198 -0.137678802013397 2.66592335700989 -0.131842881441116 2.35891103744507 10.956
-0.0347355045378208 1.94589304924011 -0.156603291630745 2.64614582061768 -0.119606740772724 2.30834007263184 11.081
-0.0360111854970455 1.97006869316101 -0.163109213113785 2.63194847106934 -0.12073490768671 2.27433443069458 11.157
-0.0366549082100391 1.96978580951691 -0.150228798389435 2.57635283470154 -0.113269001245499 2.24264740943909 11.264
-0.0358835123479366 1.97125649452209 -0.151845917105675 2.5473473072052 -0.111831106245518 2.22152042388916 11.373
-0.0366565361618996 1.96893084049225 -0.142185747623444 2.51963376998901 -0.100250236690044 2.18011903762817 11.497
-0.0343887060880661 1.96673035621643 -0.152254074811935 2.51380777359009 -0.106169149279594 2.16765403747559 11.609
-0.0321340747177601 1.95957815647125 -0.153512179851532 2.50600290298462 -0.0963860303163528 2.13187766075134 11.73
-0.0311865154653788 1.95141708850861 -0.150567844510078 2.52250385284424 -0.096904844045639 2.1049907207489 11.8
-0.0300987027585506 1.93967843055725 -0.157650619745255 2.51106977462769 -0.0798830315470696 2.0647087097168 11.904
-0.0287842806428671 1.93862068653107 -0.17049877345562 2.4614086151123 -0.0845669731497765 2.0315899848938 11.976
-0.0283688250929117 1.93846142292023 -0.159725576639175 2.45251250267029 -0.0883866399526596 2.00921773910522 12.112
-0.0261039268225431 1.94047319889069 -0.166936188936234 2.45153117179871 -0.096091590821743 1.98968660831451 12.146
-0.025059362873435 1.94242107868195 -0.176722913980484 2.42306184768677 -0.101963371038437 1.96734809875488 12.186
-0.0248939860612154 1.94596755504608 -0.206771284341812 2.37018394470215 -0.0920162349939346 1.93231236934662 12.316
-0.0245059374719858 1.94816637039185 -0.228425875306129 2.30757260322571 -0.0965185612440109 1.91639614105225 12.402
-0.0258170608431101 1.94921350479126 -0.249011769890785 2.23328948020935 -0.0982131138443947 1.89059054851532 12.47
-0.0279721319675446 1.95045256614685 -0.29016837477684 2.17837285995483 -0.102137297391891 1.86608386039734 12.539
-0.0294280201196671 1.95229053497314 -0.313692331314087 2.09426283836365 -0.10481383651495 1.84323000907898 12.65
-0.0302121341228485 1.95261406898499 -0.336505502462387 2.01108026504517 -0.113787159323692 1.82170915603638 12.715
-0.033441212028265 1.95377790927887 -0.37454617023468 1.91898953914642 -0.1185672134161 1.79820001125336 12.816
-0.0369931869208813 1.95241403579712 -0.387290209531784 1.82992124557495 -0.123184964060783 1.77155649662018 12.925
-0.0452543534338474 1.9530154466629 -0.408504903316498 1.7456111907959 -0.128805845975876 1.74659216403961 12.999
-0.0493197813630104 1.94851171970367 -0.414120674133301 1.66047179698944 -0.131385028362274 1.71869766712189 13.139
-0.0521354451775551 1.94657516479492 -0.434659868478775 1.57994616031647 -0.133469000458717 1.69835805892944 13.256
-0.055386871099472 1.94479811191559 -0.436160057783127 1.49825382232666 -0.128858134150505 1.67428314685822 13.339
-0.0576717332005501 1.94348013401031 -0.437394767999649 1.43325877189636 -0.134842082858086 1.65473997592926 13.419
-0.062289759516716 1.94071674346924 -0.432342141866684 1.37611329555511 -0.133194908499718 1.62671637535095 13.536
-0.0658683106303215 1.93912601470947 -0.426415115594864 1.33774816989899 -0.137678980827332 1.61175334453583 13.605
-0.0700194835662842 1.93627738952637 -0.415634542703629 1.30434727668762 -0.141449868679047 1.58866858482361 13.68
-0.0758381485939026 1.93172180652618 -0.401634991168976 1.28293180465698 -0.143672093749046 1.569993019104 13.797
-0.0781310796737671 1.9304940700531 -0.397111028432846 1.2464873790741 -0.185797646641731 1.56592345237732 13.946
-0.0842633843421936 1.92299091815948 -0.378867536783218 1.26088726520538 -0.157176733016968 1.51595687866211 14.043
-0.0892990007996559 1.91801834106445 -0.365887433290482 1.28531134128571 -0.15679769217968 1.50845384597778 14.124
-0.0967040359973907 1.90918672084808 -0.329350233078003 1.31250631809235 -0.157401844859123 1.48691248893738 14.231
-0.104354806244373 1.87817990779877 -0.327025890350342 1.32357120513916 -0.159447461366653 1.4710944890976 14.333
-0.109787806868553 1.86514568328857 -0.317976802587509 1.34491991996765 -0.179605558514595 1.41685020923615 14.567
-0.112064391374588 1.8221937417984 -0.317704766988754 1.34684598445892 -0.183704510331154 1.40116190910339 14.638
-0.114219956099987 1.80013751983643 -0.318731784820557 1.34746301174164 -0.196375370025635 1.37630879878998 14.714
