0.201047524809837 4.06825590133667 -0.0477172695100307 3.71479558944702 0.102439746260643 3.79534482955933 6.27
0.200751036405563 4.06936645507813 -0.0514449886977673 3.71028208732605 0.0810852348804474 3.77751326560974 6.302
0.200993731617928 4.06839275360107 -0.0647341832518578 3.70454287528992 0.0721658766269684 3.75394415855408 6.337
0.20190817117691 4.06595420837402 -0.0687531307339668 3.70193672180176 0.0648630186915398 3.72501635551453 6.367
0.201449275016785 4.06087732315063 -0.0681509599089623 3.70041418075562 0.0612136721611023 3.70413827896118 6.402
0.199862942099571 4.0308198928833 -0.068048857152462 3.69962668418884 0.0482669733464718 3.67467594146729 6.437
0.199781030416489 4.01932191848755 -0.0694738179445267 3.69722580909729 0.0341805629432201 3.64656734466553 6.469
0.18875227868557 3.96429061889648 -0.0784184709191322 3.69262266159058 0.0343022309243679 3.62757992744446 6.502
0.188031896948814 3.93093967437744 -0.0838310495018959 3.68739223480225 0.0296521559357643 3.61050534248352 6.534
0.173021644353867 3.8784453868866 -0.0872381925582886 3.68545937538147 0.0212879739701748 3.58314561843872 6.569
0.153821885585785 3.81793785095215 -0.0873338207602501 3.68536067008972 0.012940214946866 3.56439566612244 6.6
0.15039187669754 3.76522088050842 -0.086324468255043 3.68472957611084 0.00597430020570755 3.54371476173401 6.638
0.145600602030754 3.72421908378601 -0.0855412110686302 3.683922290802 -0.00147814000956714 3.52667832374573 6.668
0.132803678512573 3.65783500671387 -0.0840393975377083 3.68081140518188 -0.00927604734897614 3.50100612640381 6.7
0.132087141275406 3.59730863571167 -0.0827982500195503 3.68044304847717 -0.0143004599958658 3.48704266548157 6.735
0.124652147293091 3.52702045440674 -0.0817070603370667 3.67662143707275 -0.0192595813423395 3.46811604499817 6.767
0.114684134721756 3.46063542366028 -0.0847006291151047 3.66984105110168 -0.0240777619183064 3.44445466995239 6.804
0.109648957848549 3.39424300193787 -0.0816941633820534 3.66295409202576 -0.0313589051365852 3.42672610282898 6.838
0.098748691380024 3.32980585098267 -0.0854634642601013 3.66092348098755 -0.0368852354586124 3.4064793586731 6.869
0.089506059885025 3.28098344802856 -0.0833667740225792 3.65803790092468 -0.0440119914710522 3.3858962059021 6.905
0.0872377902269363 3.23020601272583 -0.0811336413025856 3.65527486801147 -0.0489991791546345 3.35776090621948 6.934
0.0857711806893349 3.20250082015991 -0.0771845802664757 3.65262198448181 -0.0511866547167301 3.3413245677948 6.965
0.082005649805069 3.16671013832092 -0.0763657838106155 3.64908075332642 -0.0575845576822758 3.31740474700928 6.998
0.0761535838246346 3.16154098510742 -0.074796736240387 3.64630007743835 -0.0537249073386192 3.28756952285767 7.034
0.0723780393600464 3.14761257171631 -0.0759074985980988 3.64445328712463 -0.057739645242691 3.26139807701111 7.073
0.0688399150967598 3.12568950653076 -0.0791301280260086 3.64039325714111 -0.0536777973175049 3.23346328735352 7.1
0.0678479894995689 3.12016439437866 -0.0778147429227829 3.63527798652649 -0.0518805757164955 3.21392393112183 7.136
0.0730245858430862 3.10312461853027 -0.0768715739250183 3.63275265693665 -0.0450681112706661 3.17699146270752 7.168
0.0801349207758904 3.09459710121155 -0.0838187113404274 3.60799527168274 -0.038689199835062 3.15302109718323 7.202
0.0820422023534775 3.08870792388916 -0.0921655222773552 3.57100343704224 -0.0324423536658287 3.10808491706848 7.234
0.0792082548141479 3.07947754859924 -0.103163808584213 3.50770282745361 -0.0292314551770687 3.08978676795959 7.27
0.0807877779006958 3.07362103462219 -0.116041138768196 3.45918321609497 -0.0238831136375666 3.05479073524475 7.302
0.0792175978422165 3.06683349609375 -0.136090457439423 3.39589047431946 -0.0213421303778887 3.03215312957764 7.334
0.0815722644329071 3.06033039093018 -0.143016308546066 3.35070943832397 -0.0162735898047686 3.00335168838501 7.367
0.082414411008358 3.05572628974915 -0.151569694280624 3.29512119293213 -0.0150432577356696 2.98582005500793 7.4
0.0822334066033363 3.05401849746704 -0.12038978934288 3.02278590202332 -0.0127627961337566 2.95491695404053 7.434
0.0795967057347298 3.05158305168152 -0.154722794890404 2.96488499641418 -0.014119565486908 2.93753385543823 7.468
0.0744720995426178 3.05109143257141 -0.118706256151199 2.97861862182617 -0.0161491297185421 2.91577315330505 7.504
0.0679447650909424 3.04854464530945 -0.153732866048813 3.01138472557068 -0.0170618072152138 2.89787149429321 7.532
0.0631075277924538 3.04224348068237 -0.172940671443939 2.93517017364502 -0.0171882659196854 2.87534022331238 7.567
0.0627132132649422 3.04104423522949 -0.177459001541138 2.84330129623413 -0.0190397761762142 2.85650944709778 7.6
0.0619286298751831 3.03785490989685 -0.179749950766563 2.76515555381775 -0.020868631079793 2.83691167831421 7.635
0.0618415661156178 3.03089666366577 -0.181662887334824 2.6987087726593 -0.0220342017710209 2.81366109848022 7.671
0.061598040163517 3.02855062484741 -0.186045452952385 2.64399933815002 -0.021391274407506 2.79410338401794 7.706
0.061104591935873 3.02438735961914 -0.186854779720306 2.61324644088745 -0.0223024226725101 2.77215886116028 7.736
0.0593194030225277 3.01834797859192 -0.190840005874634 2.55411052703857 -0.0234535522758961 2.74555063247681 7.77
0.0486191846430302 3.01776623725891 -0.189615055918694 2.54856252670288 -0.0267226919531822 2.72402381896973 7.804
0.0468056499958038 3.01478958129883 -0.192988276481628 2.51787161827087 -0.033533550798893 2.69589853286743 7.837
0.0414889454841614 3.00722646713257 -0.193107485771179 2.49594473838806 -0.0359784811735153 2.66960000991821 7.872
0.0384206287562847 3.00168585777283 -0.192962378263474 2.49588298797607 -0.0431190207600594 2.63752460479736 7.902
0.0341748483479023 2.99159049987793 -0.192158654332161 2.49554991722107 -0.0570505633950233 2.61968660354614 7.937
0.0263052750378847 2.96327567100525 -0.191592961549759 2.4935097694397 -0.0742712095379829 2.58529233932495 7.967
0.0241122208535671 2.95362997055054 -0.19164252281189 2.49137425422668 -0.0817416235804558 2.56329226493835 8.003
0.0188085697591305 2.89809632301331 -0.191898137331009 2.48919248580933 -0.0946623384952545 2.52015447616577 8.035
0.0194574147462845 2.88390493392944 -0.193404167890549 2.4835991859436 -0.103928335011005 2.50232768058777 8.068
0.0229892935603857 2.84264659881592 -0.194308400154114 2.48194122314453 -0.118526935577393 2.4724006652832 8.102
0.016005901619792 2.76136589050293 -0.196950927376747 2.47968173027039 -0.126565054059029 2.44635438919067 8.137
0.0215485412627459 2.73394060134888 -0.19958969950676 2.47662854194641 -0.131584420800209 2.42410445213318 8.168
0.0107134804129601 2.67928290367126 -0.201039999723434 2.47477388381958 -0.134677901864052 2.39913082122803 8.202
0.00600838521495461 2.61871194839478 -0.201536580920219 2.4729859828949 -0.138212904334068 2.37406611442566 8.236
-0.00835946202278137 2.55811929702759 -0.201178178191185 2.47240829467773 -0.144160062074661 2.34923362731934 8.271
-0.0153387375175953 2.49557614326477 -0.20149327814579 2.47135877609253 -0.148121505975723 2.33085536956787 8.304
-0.00956571381539106 2.43692564964294 -0.200085073709488 2.46937036514282 -0.154229700565338 2.30942368507385 8.336
-0.00884869787842035 2.37436437606812 -0.200050219893456 2.46402478218079 -0.160175278782845 2.28816246986389 8.37
3.63350445695687E-05 2.31180024147034 -0.200363203883171 2.45946788787842 -0.163563326001167 2.26847696304321 8.402
-0.00196591811254621 2.24538087844849 -0.199245676398277 2.45666241645813 -0.166739821434021 2.24843120574951 8.435
-0.00821620505303144 2.18478107452393 -0.19891220331192 2.45420908927917 -0.169103547930717 2.22966432571411 8.468
-0.0206479784101248 2.11832737922668 -0.198380887508392 2.45206379890442 -0.171749174594879 2.20711946487427 8.503
-0.0270249620079994 2.06557679176331 -0.197913259267807 2.4501838684082 -0.173250913619995 2.18619275093079 8.535
-0.0328635349869728 2.02988910675049 -0.197822704911232 2.4493932723999 -0.174984410405159 2.16732978820801 8.569
-0.0361319556832314 2.00186347961426 -0.197275951504707 2.4455897808075 -0.173271536827087 2.14088559150696 8.601
-0.0388580337166786 1.98144197463989 -0.198217779397964 2.44114112854004 -0.172239378094673 2.11643552780151 8.635
-0.0405885055661201 1.96576118469238 -0.199644818902016 2.43411445617676 -0.172095909714699 2.09176468849182 8.668
-0.0417788401246071 1.95418429374695 -0.19928166270256 2.42783498764038 -0.175021857023239 2.06778764724731 8.706
-0.042855016887188 1.94343197345734 -0.199720650911331 2.42144656181335 -0.171048119664192 2.03457832336426 8.738
-0.0423266142606735 1.94201004505157 -0.198662772774696 2.41269135475159 -0.164946034550667 2.0016016960144 8.768
-0.0406066551804543 1.93853867053986 -0.198459252715111 2.40340137481689 -0.157882645726204 1.97249531745911 8.803
-0.0371313653886318 1.93622899055481 -0.201399371027946 2.37216806411743 -0.151885807514191 1.94290745258331 8.836
-0.0360688827931881 1.93438136577606 -0.20513541996479 2.33780002593994 -0.148280963301659 1.91699206829071 8.867
-0.0356018804013729 1.9309298992157 -0.216806024312973 2.3053195476532 -0.148600742220879 1.89573657512665 8.901
-0.0349555872380733 1.93053865432739 -0.222836911678314 2.2684383392334 -0.144023597240448 1.87167322635651 8.934
-0.0347430296242237 1.92871356010437 -0.233268052339554 2.22325944900513 -0.14124596118927 1.85283863544464 8.967
-0.0343271642923355 1.92698431015015 -0.243766725063324 2.17239570617676 -0.136607229709625 1.82865726947784 9.004
-0.0347976870834827 1.92565226554871 -0.255830705165863 2.10824370384216 -0.134727299213409 1.81280827522278 9.036
-0.035543005913496 1.92312049865723 -0.268678843975067 2.02217507362366 -0.131778970360756 1.79463541507721 9.072
-0.0364340543746948 1.92236340045929 -0.282738834619522 1.95654284954071 -0.130144998431206 1.77728354930878 9.102
-0.0377083905041218 1.92136609554291 -0.294364750385284 1.88313817977905 -0.129375770688057 1.75744867324829 9.139
-0.0397617481648922 1.91822123527527 -0.302794814109802 1.80780458450317 -0.129981502890587 1.74098682403564 9.171
-0.0406826175749302 1.91612017154694 -0.316292852163315 1.74515795707703 -0.129532545804977 1.72390496730804 9.204
-0.0420820489525795 1.91367781162262 -0.318994551897049 1.68740892410278 -0.129962548613548 1.70553839206696 9.236
-0.0428333766758442 1.91167831420898 -0.321537703275681 1.63435709476471 -0.121243983507156 1.67744266986847 9.273
-0.0446921214461327 1.91172254085541 -0.319863051176071 1.5959974527359 -0.121015928685665 1.66498112678528 9.306
-0.0457068346440792 1.91097104549408 -0.319783121347427 1.54978597164154 -0.123117193579674 1.64641749858856 9.337
-0.0471919737756252 1.9093736410141 -0.318399250507355 1.52604043483734 -0.119664996862411 1.62414979934692 9.372
-0.0491332113742828 1.90647923946381 -0.317484498023987 1.49886381626129 -0.120665147900581 1.61001622676849 9.402
-0.0512336231768131 1.90459358692169 -0.319020926952362 1.48127961158752 -0.125122010707855 1.59112441539764 9.432
-0.0527807362377644 1.9023175239563 -0.318232625722885 1.47178792953491 -0.137139499187469 1.57435059547424 9.467
-0.0538914315402508 1.90098989009857 -0.316837638616562 1.4621250629425 -0.142597392201424 1.56292140483856 9.5
-0.0552600435912609 1.89787530899048 -0.314016968011856 1.45639336109161 -0.149702191352844 1.54202377796173 9.539
-0.0562827326357365 1.89494264125824 -0.314184755086899 1.45522129535675 -0.157183557748795 1.52304863929749 9.572
-0.0573642998933792 1.88885378837585 -0.315149992704391 1.45121192932129 -0.167036488652229 1.50260722637177 9.602
-0.0573003552854061 1.8791332244873 -0.31816291809082 1.44417989253998 -0.178136885166168 1.48342883586884 9.641
-0.0586255751550198 1.854820728302 -0.322835445404053 1.43630659580231 -0.192451328039169 1.4608998298645 9.67
-0.0594263896346092 1.84409129619598 -0.325472682714462 1.4343124628067 -0.201031804084778 1.4422287940979 9.703
-0.0656391084194183 1.7925580739975 -0.328584849834442 1.42939233779907 -0.207842275500298 1.4272757768631 9.737
-0.0645203217864037 1.78207683563232 -0.330286592245102 1.42700409889221 -0.21332311630249 1.41099727153778 9.769
-0.0689232423901558 1.72893893718719 -0.332035452127457 1.42277801036835 -0.209746465086937 1.39810276031494 9.806
-0.070697583258152 1.69783818721771 -0.332924604415894 1.42133939266205 -0.211699306964874 1.39365768432617 9.84
-0.0740325599908829 1.64755201339722 -0.33411779999733 1.41975998878479 -0.215369522571564 1.38225209712982 9.869
-0.0764320567250252 1.6150062084198 -0.334581524133682 1.41879200935364 -0.222654834389687 1.36906254291534 9.903
-0.0844747275114059 1.57381319999695 -0.334841996431351 1.41834354400635 -0.22759684920311 1.35928559303284 9.937
-0.0788003876805305 1.51912319660187 -0.334785848855972 1.41789472103119 -0.231847256422043 1.35076749324799 9.969
-0.08120147138834 1.47336363792419 -0.334716111421585 1.4173412322998 -0.233648717403412 1.34399569034576 10.008
-0.086521752178669 1.43884921073914 -0.334462642669678 1.41657137870789 -0.227618426084518 1.33382928371429 10.041
-0.0866771042346954 1.41385507583618 -0.348294317722321 1.44772148132324 -0.227394044399261 1.33177375793457 10.069
-0.0918177366256714 1.39383566379547 -0.346424132585526 1.44626355171204 -0.231075718998909 1.32977056503296 10.108
-0.0926500111818314 1.37557470798492 -0.345694333314896 1.44571125507355 -0.232858195900917 1.32567763328552 10.139
-0.0940689444541931 1.3647825717926 -0.344329506158829 1.44560182094574 -0.234239637851715 1.31989550590515 10.17
-0.0957444086670876 1.36060762405396 -0.34374812245369 1.44670498371124 -0.235370978713036 1.3143857717514 10.207
-0.0979365184903145 1.36036241054535 -0.342924237251282 1.4462023973465 -0.236007764935493 1.30779242515564 10.238
-0.0982011258602142 1.36187815666199 -0.342146843671799 1.44628202915192 -0.236146062612534 1.30127704143524 10.269
-0.098478227853775 1.36344361305237 -0.341901689767838 1.44689249992371 -0.236608818173409 1.29559183120728 10.306
-0.0984804555773735 1.36555993556976 -0.341751307249069 1.44760072231293 -0.236794546246529 1.29081892967224 10.339
-0.097403883934021 1.36827194690704 -0.341413676738739 1.44814682006836 -0.234946489334106 1.28496241569519 10.374
-0.0983902290463448 1.37030506134033 -0.339897125959396 1.44861042499542 -0.232066035270691 1.27915668487549 10.405
-0.0978939533233643 1.37066161632538 -0.338596493005753 1.4492095708847 -0.231178641319275 1.27553677558899 10.438
-0.0979337841272354 1.37188863754272 -0.338109970092773 1.44888412952423 -0.230136752128601 1.27246224880219 10.467
-0.0975231900811195 1.37306714057922 -0.335995137691498 1.44590830802917 -0.22745206952095 1.26666378974915 10.5
-0.0978795289993286 1.37423574924469 -0.334952563047409 1.44576382637024 -0.226170361042023 1.2643975019455 10.536
