0.181289047002792 3.87472987174988 -0.0273448713123798 4.11109209060669 0.0150280110538006 4.00948572158813 4.865
0.184538319706917 3.84705805778503 -0.0302111692726612 4.10953330993652 0.0262921061366796 4.00165271759033 4.899
0.183250233530998 3.80719113349915 -0.0303256753832102 4.10944700241089 0.0373862273991108 3.99230456352234 4.952
0.180714830756187 3.79572033882141 -0.0312302988022566 4.10761642456055 0.0419029518961906 3.97569179534912 4.962
0.176817089319229 3.76103258132935 -0.0312675721943378 4.10555982589722 0.0134223690256476 3.9362199306488 5.002
0.175357177853584 3.75062537193298 -0.0313371531665325 4.10137224197388 0.011700970120728 3.93046927452087 5.033
0.171120330691338 3.72999811172485 -0.0305285509675741 4.09929847717285 0.0266135893762112 3.90412974357605 5.062
0.166182592511177 3.72296977043152 -0.0254707019776106 4.09507846832275 0.0252341087907553 3.89296770095825 5.095
0.161510765552521 3.71450257301331 -0.0171731598675251 4.09014272689819 0.0169222019612789 3.86544322967529 5.131
0.158959984779358 3.71254396438599 -0.0132212759926915 4.08506536483765 0.0260218027979136 3.83329081535339 5.157
0.155437365174294 3.71256756782532 -0.0149616077542305 4.07894849777222 0.0291002131998539 3.81186008453369 5.182
0.153578728437424 3.70946002006531 -0.0177195761352777 4.07328128814697 0.0410131141543388 3.78664588928223 5.222
0.153230741620064 3.70752811431885 -0.0148049620911479 4.06665372848511 0.0539492480456829 3.74637126922607 5.254
0.155323415994644 3.70501232147217 -0.005819755140692 4.02290296554565 0.0504855588078499 3.71920990943909 5.289
0.158400878310204 3.70210766792297 -0.00447408342733979 4.02227640151978 0.0469807833433151 3.69851899147034 5.319
0.160952240228653 3.7002260684967 -0.00759557075798512 4.01254940032959 0.0497780553996563 3.67290687561035 5.354
0.16107539832592 3.70001006126404 -0.00902567338198423 3.96069955825806 0.0537657588720322 3.64872670173645 5.39
0.170295551419258 3.69561815261841 -0.0138050708919764 3.94619059562683 0.0603363364934921 3.6197292804718 5.426
0.170348942279816 3.69640803337097 -0.0219365209341049 3.89040493965149 0.0634261891245842 3.59568881988525 5.457
0.171155735850334 3.69651317596436 -0.0309839174151421 3.8298647403717 0.0644009411334991 3.57009363174438 5.489
0.170117631554604 3.69585919380188 -0.0390165038406849 3.77714276313782 0.0638671666383743 3.54923534393311 5.525
0.167979061603546 3.69453144073486 -0.0563455559313297 3.71855998039246 0.0646489262580872 3.52729773521423 5.568
0.167860418558121 3.6920371055603 -0.0705363750457764 3.65802621841431 0.0612492561340332 3.49699568748474 5.592
0.166362047195435 3.68718814849854 -0.0843024998903275 3.58967065811157 0.0608986504375935 3.47935271263123 5.621
0.162847012281418 3.68333268165588 -0.095669187605381 3.52131676673889 0.061389297246933 3.4552149772644 5.657
0.160912230610847 3.68165254592896 -0.11574249714613 3.44710278511047 0.062390573322773 3.43138337135315 5.687
0.15926031768322 3.68044972419739 -0.115523807704449 3.37290024757385 0.0646631419658661 3.4101128578186 5.722
0.155017599463463 3.67929482460022 -0.118019767105579 3.30455350875854 0.062468659132719 3.37865805625916 5.755
0.153480976819992 3.67896699905396 -0.103900574147701 3.26160144805908 0.060734286904335 3.35626149177551 5.787
0.150287047028542 3.67752361297607 -0.104467950761318 3.23372769355774 0.0569914504885674 3.32768559455872 5.819
0.147382199764252 3.67391967773438 -0.105853371322155 3.19432210922241 0.0540250912308693 3.29232501983643 5.857
0.145593896508217 3.6719331741333 -0.101074039936066 3.1700439453125 0.048614140599966 3.2685534954071 5.891
0.14361372590065 3.65721702575684 -0.102068282663822 3.16602540016174 0.0386578664183617 3.23020720481873 5.92
0.141909539699554 3.63917231559753 -0.1031244546175 3.150714635849 0.0256617665290833 3.20140743255615 5.955
0.135500386357307 3.60461616516113 -0.109643809497356 3.1348237991333 0.0113607440143824 3.16354727745056 5.99
0.134866163134575 3.57242751121521 -0.113924235105515 3.13141226768494 0.000259773223660886 3.13271427154541 6.024
0.131980791687965 3.51619958877563 -0.122913457453251 3.11924505233765 -0.0146090500056744 3.10633158683777 6.059
0.126885324716568 3.45647120475769 -0.127120554447174 3.11659264564514 -0.0264593847095966 3.07533645629883 6.09
0.127597868442535 3.39722466468811 -0.132950976490974 3.11040782928467 -0.0384589061141014 3.0484254360199 6.12
0.121939897537231 3.34061813354492 -0.139898061752319 3.10318994522095 -0.0455734916031361 3.01511740684509 6.158
0.11820013821125 3.28839778900146 -0.138771295547485 3.10277628898621 -0.0512344688177109 2.99634289741516 6.195
0.113343708217144 3.2202160358429 -0.13862232863903 3.1008415222168 -0.0548167005181313 2.96844553947449 6.229
0.0997916609048843 3.12865352630615 -0.136166110634804 3.09830832481384 -0.0619776397943497 2.9360294342041 6.267
0.0863200724124908 3.03905963897705 -0.13421967625618 3.09025430679321 -0.0670123174786568 2.91371560096741 6.301
0.0716398879885674 2.95312118530273 -0.133079305291176 3.08367681503296 -0.0710623785853386 2.89476442337036 6.334
0.0640614628791809 2.86718320846558 -0.140639454126358 3.05488681793213 -0.0771765634417534 2.8717348575592 6.363
0.0602813474833965 2.78710770606995 -0.13914743065834 3.05388116836548 -0.082676887512207 2.84771394729614 6.395
0.0579501837491989 2.71873903274536 -0.135962828993797 3.05220437049866 -0.0849860236048698 2.81701278686523 6.425
0.0496426746249199 2.66015410423279 -0.135063603520393 3.04883456230164 -0.0902228653430939 2.79944729804993 6.462
0.0458874180912972 2.60533833503723 -0.128192901611328 3.04198813438416 -0.0897523611783981 2.76630830764771 6.493
0.0470058470964432 2.57313990592957 -0.127505838871002 3.04803776741028 -0.0894336104393005 2.74434947967529 6.528
0.0448760986328125 2.53161478042603 -0.125757440924644 3.03751468658447 -0.0882807224988937 2.71331429481506 6.559
0.0385336354374886 2.50381898880005 -0.127123221755028 3.02572393417358 -0.0867388546466827 2.68431687355042 6.589
0.0369518920779228 2.48970603942871 -0.114283941686153 3.01155138015747 -0.0841223821043968 2.64764642715454 6.62
0.0123076969757676 2.46706128120422 -0.115483120083809 2.99801659584045 -0.084977500140667 2.6147084236145 6.656
0.00893040373921394 2.46797060966492 -0.116914592683315 2.97818279266357 -0.0777330100536346 2.57717943191528 6.696
0.00912755727767944 2.46846032142639 -0.150774464011192 2.94674158096313 -0.0739786848425865 2.54092073440552 6.731
0.00950876250863075 2.46894145011902 -0.149841696023941 2.91995191574097 -0.0759626552462578 2.50561571121216 6.764
0.017783572897315 2.46974205970764 -0.155716255307198 2.87845420837402 -0.0744557529687881 2.47271919250488 6.795
0.0183063950389624 2.4696192741394 -0.160941943526268 2.81646800041199 -0.0708584785461426 2.44387555122375 6.825
0.0209553427994251 2.46870636940002 -0.166736662387848 2.76051497459412 -0.0703093409538269 2.41823863983154 6.857
0.0226217452436686 2.46826529502869 -0.159930527210236 2.7026093006134 -0.0707325786352158 2.38794994354248 6.891
0.0247038509696722 2.46712064743042 -0.156470090150833 2.63773798942566 -0.0684993639588356 2.36329483985901 6.927
0.0247506257146597 2.466965675354 -0.16914576292038 2.56818413734436 -0.0660691931843758 2.33776330947876 6.961
0.0258322916924953 2.46690392494202 -0.163171276450157 2.49972939491272 -0.0647503510117531 2.30728626251221 7.002
0.0256811063736677 2.46712374687195 -0.173032164573669 2.42542505264282 -0.0645676255226135 2.28841185569763 7.033
0.025437505915761 2.46487402915955 -0.187750712037086 2.34725594520569 -0.0638152360916138 2.26359438896179 7.068
0.0224371589720249 2.45919132232666 -0.199257612228394 2.27099084854126 -0.0650942698121071 2.24255394935608 7.1
0.01853858679533 2.45184373855591 -0.211768567562103 2.19861960411072 -0.0665875524282455 2.21917200088501 7.128
0.015266889706254 2.44480872154236 -0.207284837961197 2.13420176506042 -0.0687212646007538 2.19611215591431 7.238
0.0133221065625548 2.4417405128479 -0.219430804252625 2.07751035690308 -0.0722097530961037 2.1669704914093 7.363
0.010456083342433 2.43687915802002 -0.224115237593651 2.03578615188599 -0.0762364342808723 2.14440011978149 7.476
0.00364461494609714 2.42659330368042 -0.23190002143383 2.00816559791565 -0.0826642587780952 2.11573195457459 7.59
6.76695563015528E-05 2.42244219779968 -0.233696982264519 1.99295282363892 -0.0882912948727608 2.08525443077087 7.644
-0.00176000641658902 2.41791343688965 -0.23420287668705 1.98327910900116 -0.0971866548061371 2.06104230880737 7.718
-0.00271667144261301 2.41353917121887 -0.234682783484459 1.96938359737396 -0.104136593639851 2.02629899978638 7.787
-0.0062647694721818 2.3973925113678 -0.242075562477112 1.9619665145874 -0.11117696762085 1.99920105934143 7.842
-0.0108019718900323 2.3689181804657 -0.244974717497826 1.96099960803986 -0.129365772008896 1.96706712245941 7.866
-0.0099517535418272 2.33810687065125 -0.251298576593399 1.95669138431549 -0.144070953130722 1.9396356344223 7.972
-0.00682348338887095 2.29760456085205 -0.255335658788681 1.95374131202698 -0.159217208623886 1.91086339950562 8.11
-0.0126361809670925 2.2463436126709 -0.259827136993408 1.94777572154999 -0.171688079833984 1.88474833965302 8.184
-0.0215432234108448 2.21300983428955 -0.263562768697739 1.94630348682404 -0.179314792156219 1.86251163482666 8.21
-0.0266975350677967 2.16972303390503 -0.266018152236938 1.94591879844666 -0.180918365716934 1.84166193008423 8.255
-0.0395414158701897 2.1135094165802 -0.266554445028305 1.94477188587189 -0.181307345628738 1.81947815418243 8.309
-0.0538206249475479 2.03847169876099 -0.267611593008041 1.9446474313736 -0.184979289770126 1.8004812002182 8.384
-0.0589256584644318 1.95825970172882 -0.268500983715057 1.9428037405014 -0.193949952721596 1.77438473701477 8.408
-0.0531133040785789 1.88482224941254 -0.268926918506622 1.93990254402161 -0.198495388031006 1.76030170917511 8.433
-0.0537053234875202 1.79828131198883 -0.267286092042923 1.93649172782898 -0.203734040260315 1.74222230911255 8.483
-0.0464439503848553 1.72583723068237 -0.265534907579422 1.92929267883301 -0.206830814480782 1.72479033470154 8.559
-0.0540273636579514 1.6525559425354 -0.264786303043365 1.92798948287964 -0.209769606590271 1.70567739009857 8.587
-0.0609155595302582 1.59366464614868 -0.265251129865646 1.9258120059967 -0.212893947958946 1.68750989437103 8.615
-0.0655729472637177 1.54578864574432 -0.265778779983521 1.92408299446106 -0.221886530518532 1.65805351734161 8.642
-0.0678135007619858 1.52391719818115 -0.266033083200455 1.92082047462463 -0.226737424731255 1.63665997982025 8.704
-0.0656977668404579 1.48223161697388 -0.26594465970993 1.91582131385803 -0.22855181992054 1.61802208423615 8.752
-0.0665252879261971 1.47612428665161 -0.26651793718338 1.90936470031738 -0.228546947240829 1.60263419151306 8.828
-0.0724247843027115 1.47117078304291 -0.265039533376694 1.90661644935608 -0.241705715656281 1.58024656772614 8.851
-0.0765535533428192 1.46977996826172 -0.262504637241364 1.90297329425812 -0.244592815637589 1.56622648239136 8.912
-0.0796873867511749 1.47044146060944 -0.261777549982071 1.89751529693604 -0.242502465844154 1.53975439071655 8.947
-0.0804466009140015 1.47043824195862 -0.263551622629166 1.89245653152466 -0.238658204674721 1.5186630487442 9.002
-0.0802622735500336 1.47029590606689 -0.265722870826721 1.88111400604248 -0.236003637313843 1.49674558639526 9.066
-0.0788057520985603 1.47015607357025 -0.266308486461639 1.87215733528137 -0.230598255991936 1.48198592662811 9.09
-0.0781949609518051 1.46955025196075 -0.266226261854172 1.86208009719849 -0.228375136852264 1.45650517940521 9.14
-0.0777929127216339 1.46924960613251 -0.26406791806221 1.85134637355804 -0.229354575276375 1.44431269168854 9.18
-0.0775225982069969 1.46890354156494 -0.263370901346207 1.81542754173279 -0.227734237909317 1.42691671848297 9.218
-0.0770179480314255 1.46820020675659 -0.266364514827728 1.76313865184784 -0.224185079336166 1.41469812393188 9.343
-0.0766808539628983 1.46779358386993 -0.271128326654434 1.72024929523468 -0.222688540816307 1.40600073337555 9.44
-0.0766309946775436 1.46774673461914 -0.284052431583405 1.6748868227005 -0.221480026841164 1.39774823188782 9.517
-0.0771580189466476 1.46834623813629 -0.289497643709183 1.65294444561005 -0.219297513365746 1.38849377632141 9.597
-0.0798157304525375 1.47063624858856 -0.315012454986572 1.58454751968384 -0.216923624277115 1.38032746315002 9.71
-0.0817196294665337 1.47263371944427 -0.341398805379868 1.5344215631485 -0.215854600071907 1.36759769916534 9.756
-0.0822298303246498 1.47322380542755 -0.356317043304443 1.49597942829132 -0.215151190757751 1.3599556684494 9.823
-0.0825882479548454 1.47331714630127 -0.372834026813507 1.45254194736481 -0.214690029621124 1.35302782058716 9.976
-0.0825993195176125 1.47329568862915 -0.379920870065689 1.43429470062256 -0.214835911989212 1.34516787528992 10.188
-0.0828754603862762 1.47329759597778 -0.38520610332489 1.42042636871338 -0.216209530830383 1.33776915073395 10.239
-0.0831397250294685 1.47313451766968 -0.386548012495041 1.41063559055328 -0.217620804905891 1.32988905906677 10.36
-0.0838208198547363 1.47248578071594 -0.387145310640335 1.40428519248962 -0.222604990005493 1.32182383537292 10.413
-0.0848037898540497 1.47145783901215 -0.386266320943832 1.40153920650482 -0.225651293992996 1.31283760070801 10.459
-0.0861511379480362 1.47034204006195 -0.385530114173889 1.40197885036469 -0.227050259709358 1.3086484670639 10.55
-0.0866109579801559 1.47034430503845 -0.385000765323639 1.40217256546021 -0.226350381970406 1.30639779567719 10.638
-0.0869829729199409 1.47006332874298 -0.384096801280975 1.4045238494873 -0.22522060573101 1.30458319187164 10.673
-0.0886184349656105 1.46846210956573 -0.382799535989761 1.40761530399323 -0.22902375459671 1.30199217796326 10.721
-0.0906124338507652 1.46661400794983 -0.383138954639435 1.41013705730438 -0.23421548306942 1.29953980445862 10.822
-0.0913090780377388 1.46569335460663 -0.383534073829651 1.41226303577423 -0.238529786467552 1.29716014862061 10.886
-0.0918800830841064 1.46501493453979 -0.383895695209503 1.41350722312927 -0.244061514735222 1.29518938064575 10.94
-0.0923781916499138 1.46447014808655 -0.384233593940735 1.41379296779633 -0.249016046524048 1.29317140579224 11.007
-0.0927964374423027 1.46428799629211 -0.38468736410141 1.41424798965454 -0.252476155757904 1.29189813137054 11.08
-0.0930205434560776 1.46455252170563 -0.385122150182724 1.41516244411469 -0.252726763486862 1.2913144826889 11.151
-0.0838906019926071 1.48735725879669 -0.385419726371765 1.41545963287354 -0.250310361385345 1.29038548469543 11.243
-0.0849592089653015 1.48643946647644 -0.386008262634277 1.4161092042923 -0.249786034226418 1.28992557525635 11.303
-0.0856443345546722 1.48580479621887 -0.386324912309647 1.41641867160797 -0.249666064977646 1.28975343704224 11.392
-0.0860018953680992 1.48541879653931 -0.386829316616058 1.41773951053619 -0.249652415513992 1.28958094120026 11.498
-0.0867543146014214 1.48590922355652 -0.387180745601654 1.41865956783295 -0.249984383583069 1.28963947296143 11.58
-0.0871698036789894 1.48589766025543 -0.387555807828903 1.41921210289001 -0.250241339206696 1.28980779647827 11.635
