0.0397822968661785 3.69673132896423 -0.176507979631424 3.98769974708557 -0.104608453810215 3.72025537490845 5.834
0.0408065430819988 3.6948709487915 -0.177445769309998 3.98194003105164 -0.0861716046929359 3.68558931350708 5.864
0.0414686985313892 3.69354367256165 -0.17943187057972 3.96740865707397 -0.0888197347521782 3.66597867012024 5.896
0.0446351692080498 3.69142723083496 -0.180140227079391 3.95443272590637 -0.0845129638910294 3.64968752861023 5.929
0.0447538569569588 3.68879103660584 -0.190657034516335 3.94980645179749 -0.0626551285386086 3.61127018928528 5.964
0.0457950718700886 3.68649125099182 -0.186440661549568 3.90929508209229 -0.0621700249612331 3.59357404708862 5.998
0.0461741797626019 3.68661689758301 -0.176942825317383 3.86900043487549 -0.0573311746120453 3.5672607421875 6.031
0.0464865416288376 3.6857738494873 -0.170901775360107 3.81557321548462 -0.0524500608444214 3.54532957077026 6.064
0.0467646978795528 3.68481397628784 -0.16562831401825 3.76098394393921 -0.0489582717418671 3.51790904998779 6.099
0.0480817742645741 3.68362998962402 -0.162942782044411 3.70438885688782 -0.0452202223241329 3.50031614303589 6.131
0.048337958753109 3.68249297142029 -0.174569562077522 3.64190363883972 -0.0414940528571606 3.47121596336365 6.168
0.0483943484723568 3.67890572547913 -0.18250872194767 3.56379461288452 -0.0394662842154503 3.44988489151001 6.199
0.048774678260088 3.67385697364807 -0.183294460177422 3.48568058013916 -0.0372408218681812 3.42478060722351 6.232
0.0481985695660114 3.67252659797668 -0.19186244904995 3.40364480018616 -0.035684622824192 3.399822473526 6.265
0.0465990118682384 3.67025589942932 -0.186733275651932 3.31575059890747 -0.034545361995697 3.37486481666565 6.296
0.0450018011033535 3.66837668418884 -0.185547158122063 3.24151635169983 -0.0391762852668762 3.34834742546082 6.332
0.0442626401782036 3.66590094566345 -0.181999728083611 3.18876361846924 -0.0359769873321056 3.31862688064575 6.367
0.0416190065443516 3.66430640220642 -0.182023271918297 3.15360903739929 -0.036277923732996 3.28785848617554 6.4
0.0382550917565823 3.66017198562622 -0.177030637860298 3.1240553855896 -0.0440923683345318 3.25925421714783 6.429
0.0370705723762512 3.65525126457214 -0.175539135932922 3.085697889328 -0.0511445626616478 3.22103929519653 6.466
0.0340643972158432 3.63937735557556 -0.178457856178284 3.07526254653931 -0.0531482249498367 3.19153475761414 6.497
0.0323244594037533 3.62875628471375 -0.180614501237869 3.04213666915894 -0.0675849243998528 3.1523277759552 6.536
0.0331264957785606 3.59682464599609 -0.183645531535149 3.03972196578979 -0.0779376327991486 3.1242413520813 6.567
0.0312120020389557 3.5544548034668 -0.186249077320099 3.03515815734863 -0.0913387313485146 3.08497762680054 6.599
0.0312683172523975 3.50655961036682 -0.194526836276054 3.02644467353821 -0.0979496091604233 3.06168079376221 6.63
0.0341339930891991 3.43213701248169 -0.201521649956703 3.01923155784607 -0.111137315630913 3.03184771537781 6.665
0.0387578085064888 3.37319493293762 -0.203066453337669 3.01770424842834 -0.117671437561512 3.00273132324219 6.698
0.0315331853926182 3.30114555358887 -0.206259697675705 3.01503467559814 -0.124969258904457 2.97329783439636 6.732
0.0310337729752064 3.24907112121582 -0.20659838616848 3.01408648490906 -0.134375095367432 2.94180870056152 6.761
0.0585376806557179 2.97031164169312 -0.207674965262413 3.0109920501709 -0.139860540628433 2.92283487319946 6.796
0.0388338454067707 2.93592023849487 -0.208355724811554 3.00685453414917 -0.142445996403694 2.89764356613159 6.833
0.0276078935712576 2.93881273269653 -0.208564832806587 3.00332903862 -0.139842823147774 2.87046909332275 6.865
-0.00117375620175153 2.95980548858643 -0.205422341823578 2.99713349342346 -0.141341000795364 2.84742879867554 6.9
-0.00585628440603614 2.86297082901001 -0.202744424343109 2.98876261711121 -0.142682254314423 2.82156944274902 6.929
-0.00543983420357108 2.78462886810303 -0.202934980392456 2.97956204414368 -0.145116031169891 2.80116033554077 6.963
-0.00460944464430213 2.7086341381073 -0.19841468334198 2.97297763824463 -0.149765595793724 2.77819418907166 6.995
-0.00919785536825657 2.64193964004517 -0.197252243757248 2.97135424613953 -0.1505526304245 2.75619387626648 7.03
-0.0138965537771583 2.54250025749207 -0.196025028824806 2.96846604347229 -0.151337787508965 2.73049974441528 7.066
-0.00481254700571299 2.51212573051453 -0.197481498122215 2.9654552936554 -0.151865556836128 2.70772790908813 7.1
-0.023144880309701 2.50931859016418 -0.196943402290344 2.96171855926514 -0.153512507677078 2.68085885047913 7.132
-0.017495883628726 2.48838257789612 -0.196664124727249 2.95938181877136 -0.150598034262657 2.65391492843628 7.166
-0.0181897487491369 2.48541355133057 -0.197218149900436 2.95359516143799 -0.149254754185677 2.62995505332947 7.199
-0.0195394456386566 2.4723048210144 -0.198158666491508 2.94202852249146 -0.141954943537712 2.58950138092041 7.228
-0.0254145003855228 2.45976161956787 -0.200436815619469 2.93616437911987 -0.142549350857735 2.56026864051819 7.264
-0.0222911927849054 2.45738863945007 -0.205073967576027 2.91604232788086 -0.135388806462288 2.52830934524536 7.297
-0.0209044069051743 2.45625734329224 -0.208762973546982 2.8958203792572 -0.130358427762985 2.50215721130371 7.327
-0.0197278428822756 2.453768491745 -0.217563390731812 2.8694179058075 -0.124424897134304 2.46899509429932 7.368
-0.0181855987757444 2.45201182365417 -0.21283558011055 2.80742812156677 -0.118389382958412 2.44118595123291 7.397
-0.0159971546381712 2.4503276348114 -0.232529908418655 2.76490950584412 -0.116937018930912 2.41213083267212 7.431
-0.015515236184001 2.44963145256042 -0.237336486577988 2.70121002197266 -0.114185340702534 2.38682413101196 7.462
-0.0134357698261738 2.44833755493164 -0.236935764551163 2.64920473098755 -0.111653320491314 2.36012029647827 7.497
-0.0133039131760597 2.44796013832092 -0.23535530269146 2.57255721092224 -0.107079841196537 2.33772611618042 7.53
-0.0124961147084832 2.44624161720276 -0.22418899834156 2.49247598648071 -0.103558324277401 2.30919981002808 7.563
-0.0123354280367494 2.44459533691406 -0.224276423454285 2.42600393295288 -0.101339414715767 2.29150319099426 7.594
-0.0128230098634958 2.44213056564331 -0.238498702645302 2.36340665817261 -0.0974423587322235 2.26279616355896 7.63
-0.0129400920122862 2.44000506401062 -0.248163089156151 2.29104161262512 -0.0955960154533386 2.2483389377594 7.665
-0.0129043469205499 2.43709468841553 -0.248937606811523 2.20505332946777 -0.0952342078089714 2.2199912071228 7.695
-0.0138661656528711 2.43451023101807 -0.245706632733345 2.14254188537598 -0.096397303044796 2.19936275482178 7.73
-0.0150200938805938 2.43128752708435 -0.253034591674805 2.07995414733887 -0.0977754667401314 2.17490172386169 7.765
-0.0160161219537258 2.42940831184387 -0.25787028670311 2.02814865112305 -0.0987586304545403 2.15142488479614 7.796
-0.0175121128559113 2.42733502388 -0.256659328937531 1.99081778526306 -0.102360211312771 2.12103843688965 7.831
-0.0186894126236439 2.42469263076782 -0.263776838779449 1.94199478626251 -0.1035176217556 2.09818148612976 7.866
-0.0215376019477844 2.41967606544495 -0.263166487216949 1.93100547790527 -0.107376649975777 2.0668830871582 7.897
-0.0235420446842909 2.41448330879211 -0.261983811855316 1.91239452362061 -0.11238868534565 2.03644943237305 7.932
-0.026432067155838 2.40627765655518 -0.260243237018585 1.90752947330475 -0.119594283401966 2.00194501876831 7.965
-0.0300501231104136 2.39310145378113 -0.262040346860886 1.89775204658508 -0.123692490160465 1.96978616714478 7.995
-0.0331164114177227 2.37939286231995 -0.266341924667358 1.89396965503693 -0.134390190243721 1.94006967544556 8.029
-0.0369271039962769 2.35506725311279 -0.272920221090317 1.88440787792206 -0.152397662401199 1.90786838531494 8.065
-0.0413561500608921 2.30439853668213 -0.281002014875412 1.87687933444977 -0.162586212158203 1.8798496723175 8.096
-0.0491872727870941 2.25798678398132 -0.286176681518555 1.87197029590607 -0.180342152714729 1.85170483589172 8.128
-0.0481084063649178 2.21994042396545 -0.290254324674606 1.86980831623077 -0.193298771977425 1.83325207233429 8.164
-0.057610496878624 2.17789745330811 -0.293680518865585 1.86646902561188 -0.205185920000076 1.80757260322571 8.194
-0.0690287947654724 2.10553359985352 -0.294852554798126 1.8658629655838 -0.208864539861679 1.78720653057098 8.227
-0.0661994814872742 2.04876518249512 -0.295125395059586 1.86614584922791 -0.216360166668892 1.74749457836151 8.264
-0.0702302828431129 1.96172034740448 -0.294975996017456 1.86600947380066 -0.218997970223427 1.73672151565552 8.297
-0.07084009796381 1.88342535495758 -0.294802337884903 1.86569499969482 -0.223509788513184 1.71681678295135 8.331
-0.0641720443964005 1.8059698343277 -0.294255048036575 1.86609244346619 -0.225790366530418 1.69893658161163 8.364
-0.0627222433686256 1.73186302185059 -0.293818473815918 1.86144721508026 -0.227482438087463 1.66780114173889 8.399
-0.0467559210956097 1.65380084514618 -0.292713910341263 1.85939943790436 -0.228700816631317 1.6589457988739 8.429
-0.0518300980329514 1.58957350254059 -0.29181581735611 1.85759198665619 -0.231123968958855 1.63665795326233 8.462
-0.0523839890956879 1.5389176607132 -0.291213780641556 1.85570657253265 -0.23171591758728 1.62033998966217 8.495
-0.0522776395082474 1.51355254650116 -0.291301697492599 1.85388827323914 -0.231074571609497 1.60519003868103 8.534
-0.0529261901974678 1.47731328010559 -0.29231134057045 1.85136723518372 -0.229900717735291 1.58737468719482 8.564
-0.0479942373931408 1.45838105678558 -0.292335152626038 1.85114276409149 -0.228472143411636 1.56991732120514 8.598
-0.0480544902384281 1.44616520404816 -0.292552143335342 1.85054576396942 -0.236660972237587 1.54741239547729 8.632
-0.0482579097151756 1.43567180633545 -0.292181998491287 1.84804117679596 -0.236079394817352 1.53111433982849 8.662
-0.0465516857802868 1.42607998847961 -0.290911704301834 1.84678530693054 -0.232111439108849 1.51286625862122 8.698
-0.0480888113379478 1.42484641075134 -0.288681268692017 1.84255766868591 -0.228842735290527 1.48949098587036 8.728
-0.0461759865283966 1.42062509059906 -0.287381172180176 1.83687210083008 -0.219475015997887 1.46933495998383 8.764
-0.039615586400032 1.41674971580505 -0.284516632556915 1.82727527618408 -0.211413681507111 1.4470911026001 8.797
-0.0362188592553139 1.41654598712921 -0.283721148967743 1.81704485416412 -0.205182760953903 1.4297924041748 8.83
-0.0323569290339947 1.41469585895538 -0.282030642032623 1.80017387866974 -0.19932796061039 1.41499495506287 8.863
-0.0404887646436691 1.40612602233887 -0.283747434616089 1.77340888977051 -0.194645285606384 1.39990556240082 8.902
-0.0391758047044277 1.40483474731445 -0.282164722681046 1.7427009344101 -0.188305169343948 1.37742483615875 8.933
-0.0383708402514458 1.4039945602417 -0.278744101524353 1.70263993740082 -0.18483778834343 1.3733024597168 8.962
-0.0373367294669151 1.40257203578949 -0.277042239904404 1.6552540063858 -0.17863754928112 1.36047255992889 8.998
-0.0370808579027653 1.40201389789581 -0.275235921144485 1.62964189052582 -0.175209492444992 1.35036242008209 9.029
-0.0370502397418022 1.40185737609863 -0.282482624053955 1.57550871372223 -0.174019634723663 1.34147262573242 9.062
-0.0385936088860035 1.40278792381287 -0.299408137798309 1.51853406429291 -0.171968951821327 1.33163249492645 9.095
-0.0395065061748028 1.40312612056732 -0.308081746101379 1.46938979625702 -0.166615903377533 1.3250812292099 9.129
-0.0398542806506157 1.40273535251617 -0.319264769554138 1.426065325737 -0.165556907653809 1.32030010223389 9.163
-0.0408424697816372 1.40294802188873 -0.338021904230118 1.38493549823761 -0.167523041367531 1.31210911273956 9.196
-0.0413549989461899 1.40277600288391 -0.340442478656769 1.36168992519379 -0.167947873473167 1.30735421180725 9.229
-0.0417664870619774 1.40227735042572 -0.340594857931137 1.33429443836212 -0.166879937052727 1.30225896835327 9.265
-0.0420715510845184 1.40173518657684 -0.340804398059845 1.32787656784058 -0.167674139142036 1.29615604877472 9.297
-0.0423089116811752 1.40088057518005 -0.339754521846771 1.32398068904877 -0.16782845556736 1.28975486755371 9.332
-0.0428695231676102 1.39966726303101 -0.339429557323456 1.32450640201569 -0.168314754962921 1.28291964530945 9.365
-0.04288025572896 1.39956367015839 -0.338756680488586 1.32635295391083 -0.171029984951019 1.27495217323303 9.397
-0.0431313291192055 1.39937472343445 -0.337995857000351 1.32992148399353 -0.174011409282684 1.26942503452301 9.432
