1.00574350357056 2.73934054374695 0.992904722690582 2.73741054534912 1.0452356338501 2.84434509277344 28.758
1.00626683235168 2.73859214782715 0.996922075748444 2.73815989494324 1.03787660598755 2.8215479850769 28.784
1.00798952579498 2.73883700370789 0.997492730617523 2.73759007453918 1.02887344360352 2.80200052261353 28.818
1.01274049282074 2.74079346656799 0.99796462059021 2.73659324645996 1.01957678794861 2.77635097503662 28.852
1.0114381313324 2.73756504058838 1.00012695789337 2.73930191993713 1.00880217552185 2.75148773193359 28.89
1.01153862476349 2.73701333999634 1.01101005077362 2.75297069549561 1.00095283985138 2.72961974143982 28.921
1.01219892501831 2.73695969581604 1.00978493690491 2.74275231361389 0.993227899074554 2.70828151702881 28.952
1.01424038410187 2.74037647247314 0.99827516078949 2.7275595664978 0.986562788486481 2.69252991676331 28.987
1.01434230804443 2.7404956817627 0.916289150714874 3.01080560684204 0.975417613983154 2.67138695716858 29.02
1.01472759246826 2.74030518531799 0.876500427722931 2.94836354255676 0.967510759830475 2.65717840194702 29.06
1.01770210266113 2.74266242980957 0.820640921592712 2.86309194564819 0.955028712749481 2.63725876808167 29.086
1.01784825325012 2.74122190475464 0.770455837249756 2.80075788497925 0.94682240486145 2.62348437309265 29.124
1.01430451869965 2.74013638496399 0.721217632293701 2.73834991455078 0.936421453952789 2.60472393035889 29.158
1.01224493980408 2.73992133140564 0.692715883255005 2.6817364692688 0.925768315792084 2.58815860748291 29.183
1.0096822977066 2.73766350746155 0.66322660446167 2.62120628356934 0.916080057621002 2.56696248054504 29.218
1.00631427764893 2.73631930351257 0.631217777729034 2.56847190856934 0.906072378158569 2.54689025878906 29.254
1.00253808498383 2.73336124420166 0.611149966716766 2.52376556396484 0.892765045166016 2.52554321289063 29.285
1.00128257274628 2.73302149772644 0.599834382534027 2.49914479255676 0.88405454158783 2.51067543029785 29.322
0.995377361774445 2.73243069648743 0.588201224803925 2.46764731407166 0.870403409004211 2.48645329475403 29.358
0.991871953010559 2.73030233383179 0.579920709133148 2.44983172416687 0.857326924800873 2.46790075302124 29.387
0.987125754356384 2.72469687461853 0.565576016902924 2.4277970790863 0.843050181865692 2.4494776725769 29.42
0.985191762447357 2.72396779060364 0.562097072601318 2.41949081420898 0.829082489013672 2.42997097969055 29.45
0.980225145816803 2.72047662734985 0.563367962837219 2.41513991355896 0.809597492218018 2.41012382507324 29.484
0.972930133342743 2.7104287147522 0.564724087715149 2.40816879272461 0.791126847267151 2.39145231246948 29.518
0.970802128314972 2.70161151885986 0.566033065319061 2.40123224258423 0.768764495849609 2.37036299705505 29.555
0.965647280216217 2.69094657897949 0.564368784427643 2.40033268928528 0.749988079071045 2.35441398620605 29.588
0.951534986495972 2.65899467468262 0.562078833580017 2.39842462539673 0.72576892375946 2.33281779289246 29.625
0.935889899730682 2.6147346496582 0.554680109024048 2.39044952392578 0.703658223152161 2.31192135810852 29.655
0.917237341403961 2.56713581085205 0.552564799785614 2.38929963111877 0.67674446105957 2.29280757904053 29.687
0.905163466930389 2.54277324676514 0.548375070095062 2.38746428489685 0.65973573923111 2.27684545516968 29.722
0.883182406425476 2.50429058074951 0.546918392181396 2.38704895973206 0.639670670032501 2.25764656066895 29.765
0.855694949626923 2.4751341342926 0.545115947723389 2.3853600025177 0.622275531291962 2.24206948280334 29.793
0.818941354751587 2.42906332015991 0.544671654701233 2.38513469696045 0.608416974544525 2.22675108909607 29.821
0.772235572338104 2.35489678382874 0.54044383764267 2.38267230987549 0.589994490146637 2.21021866798401 29.853
0.720516979694366 2.2865993976593 0.540059030056 2.38027954101563 0.570608019828796 2.19486498832703 29.889
0.669747114181519 2.22024393081665 0.542738020420074 2.37550449371338 0.556885659694672 2.18130731582642 29.921
0.630897104740143 2.14604377746582 0.535417497158051 2.36889910697937 0.537131667137146 2.16387724876404 29.955
0.585057616233826 2.07578659057617 0.523584008216858 2.36630487442017 0.521845161914825 2.14552545547485 29.987
0.537128388881683 2.01920485496521 0.508902013301849 2.36806583404541 0.508981168270111 2.12767195701599 30.02
0.494366198778152 1.96651756763458 0.501525938510895 2.36867523193359 0.495143920183182 2.11041808128357 30.054
0.462007820606232 1.91872644424438 0.487003743648529 2.36377739906311 0.479851394891739 2.08856844902039 30.087
0.433089315891266 1.87680327892303 0.470948874950409 2.350989818573 0.46701443195343 2.06786799430847 30.124
0.407868593931198 1.84605836868286 0.434725821018219 2.27219343185425 0.453101933002472 2.04257845878601 30.157
0.39507982134819 1.83315467834473 0.430432111024857 2.26813435554504 0.443124681711197 2.01926827430725 30.192
0.376968175172806 1.81460058689117 0.408815205097198 2.23723483085632 0.431494444608688 1.99151980876923 30.219
0.367978513240814 1.81145465373993 0.42057865858078 2.18418669700623 0.417563229799271 1.95892596244812 30.254
0.359413385391235 1.80801975727081 0.397577553987503 2.17896938323975 0.410228341817856 1.92166149616241 30.287
0.357296228408813 1.80972421169281 0.361424744129181 2.18311333656311 0.397586017847061 1.89140820503235 30.318
0.355027407407761 1.80830001831055 0.356694877147675 2.17375946044922 0.382921010255814 1.86553013324738 30.351
0.352483451366425 1.80233681201935 0.340800225734711 2.13527178764343 0.359134495258331 1.84611082077026 30.388
0.351139187812805 1.79678463935852 0.318957537412643 2.08938670158386 0.345978230237961 1.81501913070679 30.426
0.350142151117325 1.79173445701599 0.307384461164474 2.06758952140808 0.33461207151413 1.79389071464539 30.458
0.349857181310654 1.78646659851074 0.338050156831741 2.13170456886292 0.316573977470398 1.77049231529236 30.487
0.350786089897156 1.78191912174225 0.336826205253601 2.11790347099304 0.302103877067566 1.74987053871155 30.52
0.350833386182785 1.78039801120758 0.319176346063614 2.09287548065186 0.28716903924942 1.72777903079987 30.554
0.350275188684464 1.77917647361755 0.292245864868164 2.04547238349915 0.233435705304146 1.7017080783844 30.588
0.347641438245773 1.77683115005493 0.257334470748901 1.97704553604126 0.227369993925095 1.68880724906921 30.624
0.337585091590881 1.77845084667206 0.214894518256187 1.92135119438171 0.216782212257385 1.67383563518524 30.654
0.333883911371231 1.78031539916992 0.153009861707687 1.85007357597351 0.194486677646637 1.64832699298859 30.687
0.329612642526627 1.78055834770203 0.0986161604523659 1.79429042339325 0.184587731957436 1.63452863693237 30.724
0.325405538082123 1.78180801868439 0.0357088930904865 1.7421498298645 0.17531318962574 1.61964952945709 30.755
0.322858333587646 1.78058862686157 -0.00639377953484654 1.68538916110992 0.164413347840309 1.59878385066986 30.788
0.32162994146347 1.77907955646515 -0.0394474267959595 1.63313639163971 0.154598876833916 1.58808577060699 30.822
0.321387946605682 1.77826464176178 -0.0666712149977684 1.59119653701782 0.14456345140934 1.5763818025589 30.86
0.320728659629822 1.77851176261902 -0.0845257490873337 1.55892634391785 0.125357434153557 1.56965970993042 30.891
0.317105293273926 1.77494168281555 -0.109637759625912 1.52283585071564 0.112725682556629 1.55460798740387 30.921
0.31476753950119 1.77390575408936 -0.118069976568222 1.51128852367401 0.0897607654333115 1.53078389167786 30.955
0.311897128820419 1.77127277851105 -0.125604853034019 1.49983477592468 0.0818726569414139 1.52529871463776 30.986
0.307218700647354 1.76884174346924 -0.127043977379799 1.49690508842468 0.0750648304820061 1.51883900165558 31.021
0.300628453493118 1.76404011249542 -0.128848522901535 1.48956859111786 0.0544118471443653 1.49535989761353 31.054
0.296843618154526 1.75831139087677 -0.135304972529411 1.48559927940369 0.0431592427194119 1.48668849468231 31.089
0.289008587598801 1.75111520290375 -0.137774422764778 1.48437666893005 0.0141675351187587 1.46179521083832 31.125
0.281664073467255 1.74042677879333 -0.143032476305962 1.48370170593262 0.00553991319611669 1.44746017456055 31.154
0.272428303956985 1.72069716453552 -0.147123903036118 1.48421549797058 -0.0163258071988821 1.42541062831879 31.185
0.261543601751328 1.6915100812912 -0.149532273411751 1.48250102996826 -0.0309051796793938 1.41531884670258 31.222
0.249504953622818 1.67117810249329 -0.152560085058212 1.48415112495422 -0.0452797934412956 1.40238165855408 31.252
0.218845635652542 1.61186301708221 -0.155702352523804 1.48293006420135 -0.0566727966070175 1.39377760887146 31.287
0.195168569684029 1.58671092987061 -0.156697168946266 1.48201131820679 -0.0707013309001923 1.38357579708099 31.323
0.163641586899757 1.54515659809113 -0.157704651355743 1.48243272304535 -0.0800238028168678 1.37711000442505 31.355
0.129088655114174 1.50703501701355 -0.159426331520081 1.48512315750122 -0.0857634171843529 1.36944270133972 31.395
0.103171139955521 1.46820223331451 -0.159536242485046 1.48570799827576 -0.090377002954483 1.3640011548996 31.427
0.0866354182362556 1.43051087856293 -0.15936253964901 1.48568642139435 -0.0991160348057747 1.35757291316986 31.462
0.0535168051719666 1.37564516067505 -0.158690989017487 1.48586618900299 -0.107747510075569 1.35186433792114 31.489
0.0422091148793697 1.34602761268616 -0.157350733876228 1.48517549037933 -0.116598233580589 1.3446592092514 31.521
0.0327949076890945 1.31728744506836 -0.156266182661057 1.4840532541275 -0.121148265898228 1.33995842933655 31.555
0.0279545076191425 1.30585086345673 -0.15507572889328 1.48169422149658 -0.130277380347252 1.33693504333496 31.588
0.024876544252038 1.29428791999817 -0.154527276754379 1.48042774200439 -0.137784346938133 1.33188664913177 31.62
0.0236021522432566 1.29077208042145 -0.154098197817802 1.47907900810242 -0.143032625317574 1.32436501979828 31.656
0.0230497177690268 1.28985321521759 -0.153473436832428 1.47721827030182 -0.147023379802704 1.31870400905609 31.688
0.0232823863625526 1.28975594043732 -0.151849180459976 1.47486019134521 -0.150689989328384 1.31201732158661 31.721
0.023541122674942 1.28970944881439 -0.150400295853615 1.47418200969696 -0.146860226988792 1.30101382732391 31.755
0.0240608304738998 1.28955936431885 -0.149382025003433 1.47157967090607 -0.144758343696594 1.29506146907806 31.789
0.0246961358934641 1.28952872753143 -0.148925498127937 1.46877300739288 -0.143491432070732 1.29066073894501 31.821
0.0251460913568735 1.28986465930939 -0.148869499564171 1.46582162380219 -0.140245109796524 1.28376054763794 31.863
0.02627969160676 1.28953993320465 -0.148249939084053 1.46361243724823 -0.135169088840485 1.2782062292099 31.889
0.0275339987128973 1.28933477401733 -0.14774078130722 1.4616094827652 -0.130540102720261 1.27379631996155 31.919
0.028610710054636 1.28915965557098 -0.147602319717407 1.46080350875854 -0.127839580178261 1.27171492576599 31.95
0.0291508920490742 1.2890533208847 -0.147408813238144 1.46031057834625 -0.125191032886505 1.26962685585022 31.988
0.0295211710035801 1.28887486457825 -0.147625833749771 1.46022891998291 -0.122850894927979 1.26761436462402 32.02
0.0298142395913601 1.28883957862854 -0.147626206278801 1.45977711677551 -0.122125998139381 1.26598870754242 32.058
0.0486063286662102 1.29543745517731 -0.147674217820168 1.45946192741394 -0.121631018817425 1.2644727230072 32.094
0.0489515066146851 1.29580855369568 -0.147178754210472 1.45895802974701 -0.121315479278564 1.26316213607788 32.125
