0.808134317398071 2.63472580909729 0.792805433273315 2.63476657867432 0.83922952413559 2.71210360527039 5.292
0.796028792858124 2.61781668663025 0.77734363079071 2.61135149002075 0.840868294239044 2.70640420913696 5.321
0.660041809082031 2.45200371742249 0.630033850669861 2.436039686203 0.778754472732544 2.6067168712616 5.646
0.648902654647827 2.43810892105103 0.631607353687286 2.43907856941223 0.768805980682373 2.58986568450928 5.651
0.648196816444397 2.43851137161255 0.631912767887115 2.43898797035217 0.758551836013794 2.57522344589233 5.68
0.647314071655273 2.4376163482666 0.633787155151367 2.4401798248291 0.74353814125061 2.55879235267639 5.716
0.647992670536041 2.4363260269165 0.635882318019867 2.44216442108154 0.734356820583344 2.53766179084778 5.749
0.645689129829407 2.43920874595642 0.635976433753967 2.44257736206055 0.720193684101105 2.51456117630005 5.782
0.645547211170197 2.43571615219116 0.633824110031128 2.4438169002533 0.711288928985596 2.49491953849792 5.82
0.64437860250473 2.43265342712402 0.632951974868774 2.44328641891479 0.69977194070816 2.47188639640808 5.852
0.643575072288513 2.44178247451782 0.629560947418213 2.44229960441589 0.688769638538361 2.45105290412903 5.882
0.642977356910706 2.43879151344299 0.629555225372314 2.44188809394836 0.674597382545471 2.42739009857178 5.923
0.64317661523819 2.43704390525818 0.629120826721191 2.43995022773743 0.663065373897552 2.41124033927917 5.948
0.643120050430298 2.43481111526489 0.628876149654388 2.43885469436646 0.652454674243927 2.3924720287323 5.982
0.643279850482941 2.43289470672607 0.631042122840881 2.43325853347778 0.643213510513306 2.37851977348328 6.025
0.644581913948059 2.43064069747925 0.6295565366745 2.42856431007385 0.633930027484894 2.36481118202209 6.052
0.645952224731445 2.4289026260376 0.628345668315887 2.42875027656555 0.624684393405914 2.3466637134552 6.086
0.646840810775757 2.42837834358215 0.587975740432739 2.59738779067993 0.617891371250153 2.33639454841614 6.117
0.64732563495636 2.42949795722961 0.549008011817932 2.560387134552 0.611104726791382 2.31993293762207 6.148
0.647568643093109 2.42902326583862 0.501885294914246 2.51363563537598 0.60507345199585 2.3033390045166 6.184
0.642847120761871 2.42845559120178 0.458442538976669 2.46117520332336 0.599615693092346 2.29068064689636 6.217
0.642177402973175 2.42861485481262 0.409085094928741 2.40821170806885 0.593890249729156 2.27395296096802 6.25
0.635999798774719 2.42809319496155 0.379796802997589 2.34788084030151 0.587133884429932 2.25819754600525 6.285
0.632078468799591 2.42717480659485 0.358918160200119 2.29050850868225 0.579868376255035 2.24325060844421 6.32
0.630785644054413 2.42860174179077 0.340379387140274 2.22288584709167 0.571721434593201 2.22504186630249 6.354
0.627773404121399 2.42827653884888 0.332058906555176 2.17401790618896 0.564372897148132 2.20935964584351 6.38
0.625190794467926 2.42696523666382 0.320993334054947 2.12903237342834 0.555383026599884 2.19111919403076 6.418
0.622031092643738 2.42578125 0.308501660823822 2.09320282936096 0.546037673950195 2.17293095588684 6.449
0.61849844455719 2.42776346206665 0.298994064331055 2.04881381988525 0.536911487579346 2.15664052963257 6.484
0.61479115486145 2.42827725410461 0.298368632793427 2.03242254257202 0.528762340545654 2.14217591285706 6.521
0.613354742527008 2.429607629776 0.295102298259735 2.00124502182007 0.519694924354553 2.12325310707092 6.553
0.61188805103302 2.42843437194824 0.291298240423203 1.98684597015381 0.512292861938477 2.1049063205719 6.588
0.60871410369873 2.4250271320343 0.290999323129654 1.97817134857178 0.506394624710083 2.08943867683411 6.614
0.603769719600677 2.42240834236145 0.285505026578903 1.96782410144806 0.491813451051712 2.06723117828369 6.651
0.596663653850555 2.42519927024841 0.287492394447327 1.96676516532898 0.483743131160736 2.04873847961426 6.685
0.595247030258179 2.42487788200378 0.288522601127625 1.96707606315613 0.472611844539642 2.02634620666504 6.716
0.590275645256042 2.43158721923828 0.287878781557083 1.96536087989807 0.456010043621063 2.00253438949585 6.747
0.588164746761322 2.43480062484741 0.285394787788391 1.96252107620239 0.439327001571655 1.9820773601532 6.782
0.581380009651184 2.38926887512207 0.281996577978134 1.95873379707336 0.414997935295105 1.95634794235229 6.813
0.581158459186554 2.3879280090332 0.273962497711182 1.95283234119415 0.39852911233902 1.93462979793549 6.85
0.572082042694092 2.35297775268555 0.271630346775055 1.95081269741058 0.384075224399567 1.90967071056366 6.88
0.561003088951111 2.31331276893616 0.267926305532455 1.94651806354523 0.366467624902725 1.88767790794373 6.915
0.555096328258514 2.27407121658325 0.263768136501312 1.94418025016785 0.354053527116776 1.87273216247559 6.954
0.542328834533691 2.22401285171509 0.260389000177383 1.94340181350708 0.339555323123932 1.8543576002121 6.979
0.525915503501892 2.18493819236755 0.258031874895096 1.94275605678558 0.326645851135254 1.83878028392792 7.014
0.497177004814148 2.12274479866028 0.257270455360413 1.9423953294754 0.31391915678978 1.82251226902008 7.048
0.468847185373306 2.06213307380676 0.256625145673752 1.94150710105896 0.301755011081696 1.80856740474701 7.081
0.435514241456985 2.00639653205872 0.257030546665192 1.94047427177429 0.287010282278061 1.79391837120056 7.121
0.399513065814972 1.93019258975983 0.258259952068329 1.93926644325256 0.277168571949005 1.7777886390686 7.147
0.376882791519165 1.85978591442108 0.262435793876648 1.93210816383362 0.26877948641777 1.76136207580566 7.179
0.338292419910431 1.80123913288116 0.259206175804138 1.92252278327942 0.256618201732636 1.75154864788055 7.22
0.301668256521225 1.73477935791016 0.239969596266747 1.86900115013123 0.243842735886574 1.74021100997925 7.247
0.259218961000443 1.68492329120636 0.223764315247536 1.85824632644653 0.229540258646011 1.7284471988678 7.281
0.213255047798157 1.63121402263641 0.167055130004883 1.71415257453918 0.219944015145302 1.71481132507324 7.32
0.174067080020905 1.59018695354462 0.162962675094604 1.69163727760315 0.210302755236626 1.69781589508057 7.356
0.13971121609211 1.54518854618073 0.157597243785858 1.6398092508316 0.200031280517578 1.68584322929382 7.38
0.110807478427887 1.51600825786591 0.149858862161636 1.62834990024567 0.190987408161163 1.66900312900543 7.419
0.0758721828460693 1.48685050010681 0.136721268296242 1.60423243045807 0.181108057498932 1.65479207038879 7.449
0.065074659883976 1.46473515033722 0.271867483854294 1.89536166191101 0.171463906764984 1.63937330245972 7.481
0.0340467542409897 1.42464876174927 0.252571642398834 1.90102553367615 0.160634711384773 1.62771689891815 7.522
0.0311176814138889 1.42215192317963 0.245517730712891 1.89980971813202 0.150887012481689 1.61161744594574 7.553
0.0177932679653168 1.41182458400726 0.259588062763214 1.90908026695251 0.143520265817642 1.59647381305695 7.584
0.00196804036386311 1.40923798084259 0.255353152751923 1.90731537342072 0.129821926355362 1.57548975944519 7.614
-0.00447588367387652 1.41070759296417 0.252705752849579 1.90336799621582 0.123679280281067 1.55828464031219 7.648
-0.00564832426607609 1.41461825370789 0.25374174118042 1.90395629405975 0.109104119241238 1.53879904747009 7.681
-0.004944056738168 1.42301774024963 0.251751929521561 1.90262651443481 0.0831620693206787 1.51397812366486 7.715
-0.00453954981639981 1.42371416091919 0.252394080162048 1.89553618431091 0.0751210376620293 1.49881315231323 7.749
-0.00453299935907125 1.42259848117828 0.251549780368805 1.89494490623474 0.0744219943881035 1.46879768371582 7.783
-0.00339305610395968 1.42159032821655 0.246306106448174 1.88851475715637 0.0685843676328659 1.45144629478455 7.817
-0.00139171327464283 1.42060148715973 0.246006026864052 1.89098250865936 0.0528379827737808 1.43599236011505 7.847
-0.000144485500641167 1.41948390007019 0.234209418296814 1.87265491485596 0.0241482127457857 1.42779123783112 7.88
0.00158467097207904 1.41716623306274 0.221408769488335 1.86105632781982 0.00928890332579613 1.41572642326355 7.914
0.00367042934522033 1.4126170873642 0.205629467964172 1.82780790328979 -0.00347852404229343 1.40457773208618 7.952
0.00533782737329602 1.40848565101624 0.160014659166336 1.74177205562592 -0.0295059345662594 1.39208519458771 7.98
0.00561065366491675 1.40663194656372 0.149015173316002 1.7392874956131 -0.0414446964859962 1.38370370864868 8.016
0.006256686989218 1.40443158149719 0.10104763507843 1.74396014213562 -0.0554419979453087 1.37254226207733 8.048
0.00679308315739036 1.40310752391815 0.074308842420578 1.77856457233429 -0.0638998746871948 1.3633828163147 8.079
0.00662524625658989 1.40264785289764 0.0614023059606552 1.77451419830322 -0.0795672163367271 1.35681533813477 8.114
0.00597187783569098 1.40178787708282 -0.0766027048230171 1.59892559051514 -0.0918492153286934 1.3504296541214 8.147
0.00503502087667584 1.40168619155884 -0.0831988751888275 1.58237206935883 -0.103362075984478 1.34390366077423 8.18
0.00419234484434128 1.40160238742828 -0.0984462425112724 1.55413138866425 -0.110889375209808 1.3405294418335 8.213
0.00303220748901367 1.40133535861969 -0.104876309633255 1.51268625259399 -0.117110438644886 1.33359849452972 8.247
0.00179796398151666 1.40237677097321 -0.107674784958363 1.51149237155914 -0.120483659207821 1.3292772769928 8.28
0.0150158349424601 1.41863942146301 -0.117202989757061 1.50025475025177 -0.124792240560055 1.32474422454834 8.315
0.0106041692197323 1.42013609409332 -0.131792858242989 1.48533976078033 -0.125846713781357 1.32107555866241 8.356
0.00681864004582167 1.42062282562256 -0.142138108611107 1.47443461418152 -0.12736152112484 1.3172789812088 8.381
0.00125790084712207 1.42106652259827 -0.148105099797249 1.47257578372955 -0.129561439156532 1.31281328201294 8.415
-0.00142397009767592 1.42158055305481 -0.152849853038788 1.46074831485748 -0.131823897361755 1.30961680412292 8.446
-0.00263780960813165 1.42129707336426 -0.155209600925446 1.45650279521942 -0.132565185427666 1.30590415000916 8.479
-0.00279962946660817 1.42125689983368 -0.15434230864048 1.45718562602997 -0.133936047554016 1.30313110351563 8.513
-0.0032585586886853 1.42096161842346 -0.153357625007629 1.45667278766632 -0.134591549634933 1.30119347572327 8.547
-0.00677213771268725 1.4189293384552 -0.151805460453033 1.45380425453186 -0.133922085165977 1.29550790786743 8.579
-0.00889912899583578 1.41841411590576 -0.151393994688988 1.45344114303589 -0.133699536323547 1.29259240627289 8.613
-0.00929718650877476 1.41877222061157 -0.151432082056999 1.45235526561737 -0.134307831525803 1.2912323474884 8.646
-0.00964717008173466 1.41910886764526 -0.151394054293633 1.45316684246063 -0.134850114583969 1.29061388969421 8.687
-0.0101287150755525 1.4192727804184 -0.151610493659973 1.45395195484161 -0.135994762182236 1.28951597213745 8.716
-0.0108082229271531 1.41914296150208 -0.151811867952347 1.45455729961395 -0.137322023510933 1.2888947725296 8.745
-0.0107356058433652 1.41901659965515 -0.151692479848862 1.45516359806061 -0.13952799141407 1.28805696964264 8.791
-0.0115068964660168 1.41905617713928 -0.151762589812279 1.45645117759705 -0.141344472765923 1.28750419616699 8.817
-0.0123134618625045 1.41912090778351 -0.151912152767181 1.457111120224 -0.144386172294617 1.28727030754089 8.848
-0.0133417248725891 1.41880476474762 -0.151978477835655 1.45769953727722 -0.146329760551453 1.28696346282959 8.883
-0.0135264862328768 1.41851603984833 -0.15202197432518 1.45827925205231 -0.147881522774696 1.28678035736084 8.915
-0.013846973888576 1.41876566410065 -0.152165770530701 1.45860302448273 -0.151274517178535 1.28674948215485 8.949
-0.0142717873677611 1.41824889183044 -0.152140706777573 1.45847630500793 -0.153112202882767 1.28641271591187 8.98
-0.0148091018199921 1.41805028915405 -0.152278199791908 1.45920014381409 -0.155385956168175 1.2863734960556 9.019
-0.0144117483869195 1.41807746887207 -0.15240253508091 1.45997071266174 -0.157991379499435 1.28656256198883 9.046
-0.0143830198794603 1.41813027858734 -0.15243074297905 1.46020567417145 -0.159520775079727 1.28644752502441 9.082
-0.0144395949319005 1.41816568374634 -0.152572691440582 1.46045243740082 -0.16069407761097 1.28645884990692 9.115
-0.0142780430614948 1.41812717914581 -0.152623221278191 1.46066474914551 -0.16200564801693 1.28653359413147 9.146
-0.0142234498634934 1.41811466217041 -0.152618288993835 1.46092534065247 -0.163229092955589 1.28666579723358 9.179
-0.0141365891322494 1.41814804077148 -0.152712762355804 1.46117687225342 -0.164002135396004 1.28672122955322 9.215
-0.013957129791379 1.41821420192719 -0.152807980775833 1.4614896774292 -0.164772182703018 1.28681743144989 9.248
-0.0141265438869596 1.41806507110596 -0.152954995632172 1.46152997016907 -0.165276154875755 1.28676569461823 9.281
-0.0144208511337638 1.41821205615997 -0.153081193566322 1.46185111999512 -0.165855184197426 1.28687453269958 9.315
-0.0145361153408885 1.41823065280914 -0.153175190091133 1.46210074424744 -0.166326269507408 1.28696501255035 9.352
-0.0148730641230941 1.41812527179718 -0.153299823403358 1.46222758293152 -0.166426509618759 1.28707349300385 9.382
-0.0152957551181316 1.41863477230072 -0.15346984565258 1.46306920051575 -0.166775152087212 1.28737485408783 9.421
