0.321347057819366 3.45139575004578 0.195768296718597 3.81674194335938 0.210182443261147 3.56699323654175 5.341
0.319268941879272 3.44361615180969 0.195153579115868 3.8168671131134 0.208368629217148 3.56289148330688 5.371
0.314185738563538 3.41722106933594 0.194657862186432 3.81595730781555 0.205205172300339 3.54787158966064 5.435
0.312835931777954 3.41116738319397 0.193064078688622 3.81152725219727 0.202619254589081 3.53096485137939 5.446
0.299622893333435 3.39156150817871 0.191789746284485 3.81243753433228 0.202845081686974 3.50254440307617 5.476
0.297747880220413 3.38774704933167 0.191935732960701 3.81207847595215 0.200737982988358 3.48224544525146 5.508
0.295329093933105 3.38426089286804 0.192021101713181 3.81051182746887 0.200873717665672 3.46250343322754 5.542
0.295614331960678 3.37092113494873 0.191880568861961 3.81020426750183 0.204086691141129 3.43917465209961 5.575
0.295759707689285 3.34532976150513 0.193430379033089 3.80845594406128 0.20577472448349 3.42290830612183 5.611
0.292341470718384 3.34155344963074 0.195976316928864 3.80440998077393 0.210358500480652 3.39439940452576 5.646
0.2931107878685 3.33512282371521 0.201361432671547 3.77883887290955 0.20959909260273 3.36104369163513 5.673
0.295717060565948 3.33149433135986 0.200620487332344 3.76664233207703 0.215234160423279 3.33420562744141 5.707
0.296258449554443 3.32988691329956 0.192326486110687 3.74734234809875 0.216995418071747 3.30741429328918 5.743
0.30255463719368 3.32671618461609 0.182973623275757 3.70015621185303 0.218399301171303 3.27752709388733 5.775
0.300088137388229 3.32675409317017 0.1748076826334 3.67000222206116 0.220184430480003 3.25785899162292 5.814
0.300669521093369 3.32630205154419 0.169093489646912 3.62261724472046 0.225365951657295 3.230135679245 5.85
0.299900949001312 3.32446479797363 0.14711557328701 3.56930947303772 0.228971257805824 3.20913767814636 5.876
0.301788300275803 3.32245230674744 0.133888155221939 3.52033305168152 0.233599618077278 3.19013071060181 5.91
0.302032858133316 3.32231521606445 0.117933787405491 3.45198535919189 0.239895462989807 3.1726393699646 5.94
0.300310373306274 3.3205943107605 0.102968215942383 3.36214685440063 0.240857258439064 3.15452814102173 5.974
0.297332257032394 3.31658816337585 0.089109756052494 3.26254081726074 0.246150016784668 3.13916778564453 6.008
0.295395046472549 3.31208777427673 0.0910597816109657 3.15706849098206 0.248071104288101 3.12056422233582 6.04
0.293553292751312 3.3073947429657 0.0828709453344345 3.07308459281921 0.251473009586334 3.1038658618927 6.078
0.292958229780197 3.30542087554932 0.0922291353344917 3.00276303291321 0.252919018268585 3.08611130714417 6.108
0.291124552488327 3.30082488059998 0.0902728363871574 2.94610977172852 0.255553096532822 3.06932783126831 6.142
0.289028376340866 3.29781413078308 0.0905461311340332 2.88164281845093 0.256646573543549 3.04959034919739 6.176
0.287905156612396 3.29670763015747 0.0933988019824028 2.84740972518921 0.256791293621063 3.03153371810913 6.212
0.283643513917923 3.29307460784912 0.0964694246649742 2.80480527877808 0.255942285060883 3.01095771789551 6.246
0.281352519989014 3.28685903549194 0.0976927727460861 2.77955198287964 0.254801005125046 2.98549485206604 6.276
0.279516190290451 3.28167653083801 0.0973319783806801 2.76704216003418 0.252458721399307 2.96819281578064 6.313
0.276577651500702 3.27392768859863 0.104629948735237 2.75783061981201 0.247958347201347 2.94597053527832 6.341
0.276615560054779 3.26106357574463 0.107881523668766 2.75134420394897 0.245443254709244 2.92328977584839 6.374
0.27092906832695 3.25296688079834 0.105367891490459 2.73971748352051 0.239200741052628 2.90008568763733 6.41
0.269286334514618 3.24844169616699 0.106498174369335 2.73909735679626 0.227833956480026 2.87453031539917 6.445
0.265911400318146 3.23673558235168 0.109091334044933 2.73674154281616 0.221009090542793 2.85008549690247 6.479
0.263788104057312 3.2289719581604 0.109011828899384 2.73546099662781 0.22140671312809 2.82911062240601 6.514
0.261977046728134 3.20954036712646 0.107319630682468 2.73213887214661 0.208401396870613 2.79695653915405 6.541
0.268494009971619 3.1614077091217 0.103389382362366 2.72696661949158 0.201308205723763 2.77389025688171 6.578
0.27564412355423 3.1290295124054 0.101517304778099 2.72462439537048 0.1931232213974 2.74434947967529 6.609
0.283501237630844 3.07476472854614 0.0995807871222496 2.72239708900452 0.186430037021637 2.72660946846008 6.646
0.273916363716125 3.02593517303467 0.0964770689606667 2.71987175941467 0.172718390822411 2.69932985305786 6.674
0.27441418170929 2.9865403175354 0.0960718840360641 2.71937012672424 0.165254086256027 2.68301105499268 6.709
0.279897898435593 2.95340037345886 0.09480931609869 2.71710777282715 0.161706015467644 2.66058254241943 6.741
0.275564134120941 2.88526058197021 0.0955966487526894 2.71630501747131 0.15840519964695 2.64623355865479 6.776
0.270446926355362 2.82274341583252 0.0964534729719162 2.7158534526825 0.153651937842369 2.62638807296753 6.808
0.27003538608551 2.75827145576477 0.0989278480410576 2.71334290504456 0.148585468530655 2.60925459861755 6.843
0.255281895399094 2.6840500831604 0.100188590586185 2.7096266746521 0.143650442361832 2.59266328811646 6.874
0.265033811330795 2.6136794090271 0.102486148476601 2.70677328109741 0.138383373618126 2.57657074928284 6.906
0.265641629695892 2.53747224807739 0.106921344995499 2.70282912254334 0.133964091539383 2.55659747123718 6.941
0.254098147153854 2.46909046173096 0.107069291174412 2.70041728019714 0.13134428858757 2.54054689407349 6.974
0.249357789754868 2.40851593017578 0.107860550284386 2.69818830490112 0.127619206905365 2.52497410774231 7.009
0.250527054071426 2.36076664924622 0.108579307794571 2.69599962234497 0.123890846967697 2.50351452827454 7.041
0.238844707608223 2.32929539680481 0.109722681343555 2.69402146339417 0.120255440473557 2.48673415184021 7.077
0.22599683701992 2.27957701683044 0.10720320045948 2.69116902351379 0.11639978736639 2.46464467048645 7.108
0.222854107618332 2.26712512969971 0.107456997036934 2.68634033203125 0.113871157169342 2.44456720352173 7.14
0.212910905480385 2.24412679672241 0.104619234800339 2.68162178993225 0.110184982419014 2.42335987091064 7.17
0.205317705869675 2.22325301170349 0.104143857955933 2.67470145225525 0.108473181724548 2.4002959728241 7.209
0.195118144154549 2.20250797271729 0.103203132748604 2.66679215431213 0.106135122478008 2.38220119476318 7.243
0.189268350601196 2.1887583732605 0.100206829607487 2.66273021697998 0.104525983333588 2.35520768165588 7.275
0.187972813844681 2.18850016593933 0.100197352468967 2.65604567527771 0.104438111186028 2.32029008865356 7.311
0.187171310186386 2.18803191184998 0.100297264754772 2.65039420127869 0.104126065969467 2.29828357696533 7.342
0.187829405069351 2.1824209690094 0.100702211260796 2.63992428779602 0.105849623680115 2.25603747367859 7.374
0.190860882401466 2.17329335212708 0.103432483971119 2.59237718582153 0.109512962400913 2.23237919807434 7.409
0.192702025175095 2.16711211204529 0.0986320450901985 2.569739818573 0.113341212272644 2.19297504425049 7.444
0.19346322119236 2.16353845596313 0.0922062546014786 2.52696824073792 0.115137524902821 2.16517043113709 7.477
0.19531612098217 2.16021394729614 0.0890820324420929 2.50330400466919 0.12041912227869 2.13815355300903 7.509
0.197311386466026 2.15801954269409 0.0774924904108047 2.46180772781372 0.12294352799654 2.11462903022766 7.541
0.198780998587608 2.15766310691834 0.0753790438175201 2.42637419700623 0.123501800000668 2.08868098258972 7.578
0.199353560805321 2.15695714950562 0.0580755099654198 2.38131284713745 0.121227294206619 2.06529092788696 7.608
0.199854522943497 2.15593028068542 0.0335044972598553 2.30510950088501 0.120878651738167 2.04331374168396 7.642
0.199368357658386 2.1550440788269 0.010118568316102 2.2327892780304 0.123122587800026 2.02178859710693 7.677
0.195725739002228 2.1560845375061 -0.0184458028525114 2.16629505157471 0.126223608851433 1.99999344348907 7.715
0.192940562963486 2.15284419059753 -0.0347066931426525 2.0919713973999 0.12612909078598 1.98045122623444 7.742
0.191057994961739 2.14910888671875 -0.0413523949682713 2.01277327537537 0.12587733566761 1.96187829971313 7.773
0.187688797712326 2.14824533462524 -0.0499044917523861 1.9394303560257 0.125068351626396 1.94469630718231 7.81
0.186287730932236 2.1464741230011 -0.0561634488403797 1.87294518947601 0.124453142285347 1.92248141765594 7.846
0.183832749724388 2.14104318618774 -0.0609925538301468 1.81818866729736 0.123879298567772 1.90246951580048 7.876
0.182418957352638 2.14098358154297 -0.0704594627022743 1.7714147567749 0.122805096209049 1.88407862186432 7.912
0.179264917969704 2.13688898086548 -0.0796362832188606 1.72523868083954 0.122427083551884 1.86366927623749 7.941
0.175504967570305 2.1336841583252 -0.0832938626408577 1.70408654212952 0.121495075523853 1.84715175628662 7.982
0.172579690814018 2.12864446640015 -0.0916357114911079 1.6589423418045 0.120215594768524 1.83085751533508 8.013
0.171114653348923 2.12470936775208 -0.0911730453372002 1.64756119251251 0.116988763213158 1.81269443035126 8.041
0.169430449604988 2.11858224868774 -0.0907419770956039 1.62890589237213 0.10057358443737 1.77902662754059 8.077
0.169188663363457 2.1151819229126 -0.0869509354233742 1.62271678447723 0.100825875997543 1.76314532756805 8.11
0.167841747403145 2.10750913619995 -0.0797461196780205 1.61696171760559 0.09772127866745 1.73726570606232 8.144
0.167377561330795 2.10124969482422 -0.0777552649378777 1.61660528182983 0.0935704559087753 1.71204364299774 8.175
0.164783105254173 2.0920078754425 -0.0770008936524391 1.61487185955048 0.0902465060353279 1.6880589723587 8.209
0.164432719349861 2.08372044563293 -0.0781584978103638 1.61167323589325 0.0753767564892769 1.66615700721741 8.238
0.16445603966713 2.06604409217834 -0.0797406807541847 1.60760772228241 0.0747153460979462 1.65715360641479 8.269
0.166055411100388 2.07134938240051 -0.0823549404740334 1.60229933261871 0.0735820531845093 1.62747693061829 8.308
0.164696589112282 1.98830080032349 -0.0844902396202087 1.59866917133331 0.0589954517781734 1.61325466632843 8.343
0.165669858455658 1.96485686302185 -0.089547224342823 1.59387671947479 0.0356623716652393 1.59149599075317 8.374
0.164314836263657 1.91501462459564 -0.0932121574878693 1.58851325511932 0.0267028827220201 1.57481217384338 8.406
0.161034941673279 1.91054236888885 -0.0958308055996895 1.58371138572693 0.0199538245797157 1.55469954013824 8.44
0.151892498135567 1.88575387001038 -0.0972703024744987 1.5812019109726 0.0169253665953875 1.54425013065338 8.474
0.136160552501678 1.83573830127716 -0.0984435528516769 1.5781934261322 0.0141306314617395 1.53010773658752 8.508
0.133010223507881 1.80283892154694 -0.0986416190862656 1.57744705677032 0.00786938145756722 1.51451766490936 8.547
0.128654390573502 1.75827658176422 -0.098768338561058 1.57723796367645 0.00729567417874932 1.50431144237518 8.574
0.130115658044815 1.69661843776703 -0.0988861098885536 1.57714533805847 0.00539340311661363 1.49731373786926 8.607
0.134705945849419 1.66955733299255 -0.103536710143089 1.59204566478729 -0.000844892696477473 1.49155271053314 8.639
0.134643077850342 1.6220201253891 -0.102063238620758 1.59182679653168 -0.00509023014456034 1.48650705814362 8.673
0.135880008339882 1.59867680072784 -0.100716710090637 1.59063410758972 -0.00896519422531128 1.48108637332916 8.711
0.135707333683968 1.56956994533539 -0.099847286939621 1.59017992019653 -0.0101406490430236 1.47444188594818 8.742
0.136737987399101 1.55120718479156 -0.0988816991448402 1.59004867076874 -0.0106515139341354 1.46937131881714 8.775
0.136194914579391 1.53838443756104 -0.0983378067612648 1.58908987045288 -0.0127845015376806 1.46335244178772 8.809
0.136475011706352 1.53557574748993 -0.097588486969471 1.58842742443085 -0.0139502799138427 1.45810508728027 8.844
0.134762763977051 1.53486764431 -0.0973706096410751 1.5887998342514 -0.0157481618225574 1.45227074623108 8.876
0.132878378033638 1.5362960100174 -0.0973250716924667 1.58914196491241 -0.0172462444752455 1.44612264633179 8.91
0.133030042052269 1.53835093975067 -0.0972622036933899 1.589639544487 -0.0172866620123386 1.43932604789734 8.944
0.133682191371918 1.54049706459045 -0.0970559567213058 1.58955514431 -0.0165916476398706 1.43301641941071 8.978
0.135315224528313 1.54359865188599 -0.0965208634734154 1.58900332450867 -0.0149655509740114 1.42710447311401 9.008
0.13658744096756 1.5451328754425 -0.0949535071849823 1.58897304534912 -0.014388513751328 1.42303884029388 9.042
0.139796912670135 1.55088531970978 -0.0937218889594078 1.58866596221924 -0.020091200247407 1.41707801818848 9.102
0.141103655099869 1.55248391628265 -0.0917400047183037 1.58638775348663 -0.0215816665440798 1.41331815719604 9.116
0.141822338104248 1.55379605293274 -0.091082476079464 1.58674848079681 -0.0222177468240261 1.41145992279053 9.142
0.141649052500725 1.55452299118042 -0.090801864862442 1.58730149269104 -0.019933020696044 1.40847849845886 9.176
0.141009569168091 1.5543200969696 -0.0902091935276985 1.58719182014465 -0.0174050536006689 1.40681326389313 9.21
0.140635520219803 1.55443143844604 -0.0897830575704575 1.58640027046204 -0.014281758107245 1.40418553352356 9.242
