0.22162738442421 4.16299724578857 0.00154201535042375 4.12399196624756 0.0809442177414894 4.09068870544434 12.678
0.219682648777962 4.16505336761475 0.00331371789798141 4.12288808822632 0.0813023000955582 4.09000253677368 12.707
0.218376487493515 4.16563653945923 0.00303706829436123 4.1220555305481 0.0812229737639427 4.08940935134888 12.745
0.217565447092056 4.16466617584229 0.00324237160384655 4.12241744995117 0.080712266266346 4.08945274353027 12.776
0.215923517942429 4.16240739822388 0.00267498381435871 4.12201499938965 0.0760402977466583 4.08760547637939 12.808
0.20923176407814 4.14707946777344 0.00484399078413844 4.12360095977783 0.0752277448773384 4.08753156661987 12.842
0.204723387956619 4.13569831848145 0.0031749764457345 4.12525081634521 0.0730948895215988 4.08610868453979 12.88
0.202245846390724 4.1110668182373 0.00208285986445844 4.12605094909668 0.0717985033988953 4.08473253250122 12.924
0.198858395218849 4.09577369689941 0.00198174803517759 4.1252064704895 0.0713131353259087 4.08150100708008 12.941
0.194638893008232 4.06063079833984 0.00190183683298528 4.12515306472778 0.0702037885785103 4.07943534851074 12.975
0.187798887491226 4.04119300842285 0.000946237007156014 4.12283897399902 0.0539118610322475 4.06572151184082 13.01
0.188208445906639 4.02644300460815 0.0006215296452865 4.1201024055481 0.0525829419493675 4.06381273269653 13.041
0.190513372421265 4.00113344192505 -0.000418994488427415 4.11831665039063 0.0510270372033119 4.0610523223877 13.078
0.185053050518036 3.97908496856689 -0.00134835217613727 4.11715412139893 0.0486862137913704 4.05448055267334 13.113
0.184547677636147 3.96413803100586 -0.0015197058673948 4.11703205108643 0.0467425808310509 4.04587459564209 13.142
0.177606031298637 3.94456958770752 -0.00126403151080012 4.11526155471802 0.0444500036537647 4.03849506378174 13.178
0.177682369947433 3.92626047134399 0.00013813613622915 4.11600589752197 0.0402189791202545 4.02923440933228 13.208
0.175200238823891 3.91483283042908 -6.46221233182587E-05 4.11552047729492 0.0370818451046944 4.02207660675049 13.241
0.173728227615356 3.89932203292847 0.000318271690048277 4.11421680450439 0.0362621732056141 4.01226425170898 13.274
0.171139016747475 3.88682699203491 0.000190323058632202 4.11276531219482 0.0335163958370686 4.00170755386353 13.307
0.168749421834946 3.86692786216736 0.00228175474330783 4.10802125930786 0.0286040864884853 3.98465013504028 13.341
0.166525334119797 3.85507273674011 0.00239597586914897 4.10797595977783 0.0291683189570904 3.97703766822815 13.376
0.168478071689606 3.85318803787231 0.00234686397016048 4.10759592056274 0.031141160055995 3.96289086341858 13.413
0.167193442583084 3.8514416217804 0.00165105995256454 4.10604953765869 0.0391350835561752 3.93710565567017 13.441
0.166325002908707 3.85013794898987 0.00179276638664305 4.1046085357666 0.0403859466314316 3.92040061950684 13.48
0.166453182697296 3.84622931480408 0.00297204894013703 4.10121631622314 0.0461055338382721 3.90068507194519 13.508
0.168227583169937 3.84334754943848 0.00505698611959815 4.09392499923706 0.0495812259614468 3.88322734832764 13.542
0.172363713383675 3.84039402008057 0.00550947850570083 4.08750486373901 0.0573345683515072 3.85494685173035 13.576
0.174297392368317 3.84029960632324 0.00694400491192937 4.07692861557007 0.064482219517231 3.83694696426392 13.61
0.175344169139862 3.83946919441223 0.0109215248376131 4.04199934005737 0.0666287168860435 3.82198023796082 13.647
0.175910010933876 3.83954191207886 0.00836364272981882 4.03314638137817 0.0684980377554893 3.80404734611511 13.677
0.176424831151962 3.83858847618103 0.00653059501200914 3.99566459655762 0.0718035325407982 3.79116535186768 13.712
0.17569388449192 3.83826065063477 0.00820372719317675 3.96495032310486 0.0743743926286697 3.77341198921204 13.743
0.174311712384224 3.83750486373901 -0.000392991089029238 3.9200713634491 0.0800378173589706 3.75441193580627 13.778
0.173080667853355 3.83724784851074 -0.0134281842038035 3.88874173164368 0.0795306786894798 3.7438063621521 13.808
0.164100721478462 3.831209897995 -0.0351927615702152 3.84198975563049 0.0800111442804337 3.72783613204956 13.845
0.163160219788551 3.82779598236084 -0.0421007312834263 3.81421875953674 0.0840649679303169 3.71069502830505 13.871
0.164055123925209 3.8256778717041 -0.0516907162964344 3.76389789581299 0.0827807858586311 3.69639801979065 13.907
0.165270999073982 3.82299208641052 -0.0603874586522579 3.73492884635925 0.0836400911211967 3.67963290214539 13.939
0.166036054491997 3.82076191902161 -0.0711560025811195 3.6858069896698 0.083812914788723 3.66637802124023 13.977
0.165649324655533 3.81894946098328 -0.0751305446028709 3.6606707572937 0.0853971317410469 3.65102458000183 14.008
0.165207251906395 3.81709575653076 -0.0882451832294464 3.62438941001892 0.0805057138204575 3.63468050956726 14.043
0.1644187271595 3.81486344337463 -0.0941833779215813 3.58427262306213 0.079566553235054 3.61633491516113 14.078
0.163789376616478 3.81458306312561 -0.0960387662053108 3.56298136711121 0.0768151357769966 3.59911942481995 14.109
0.163275584578514 3.81438159942627 -0.0927733331918716 3.53802347183228 0.0729702189564705 3.57459449768066 14.14
0.163262277841568 3.81411337852478 -0.0927132740616798 3.52515268325806 0.0712072104215622 3.55895352363586 14.177
0.161092773079872 3.81243395805359 -0.0916543304920197 3.51416945457459 0.0676437467336655 3.53508996963501 14.208
0.157361343502998 3.81002593040466 -0.0921394526958466 3.50340700149536 0.0643327608704567 3.51488566398621 14.241
0.156653180718422 3.80827593803406 -0.09315524995327 3.50172185897827 0.0542495548725128 3.49614596366882 14.277
0.154779389500618 3.80524015426636 -0.0959967151284218 3.49839854240417 0.0438722930848598 3.4661648273468 14.307
0.14876426756382 3.79846453666687 -0.0984646901488304 3.49186992645264 0.0356422960758209 3.45385313034058 14.34
0.146246239542961 3.79333543777466 -0.0990441739559174 3.48827338218689 0.0167285576462746 3.42819547653198 14.377
0.137349337339401 3.77409076690674 -0.100087687373161 3.48326516151428 0.00870212633162737 3.40508460998535 14.41
0.130508676171303 3.75537610054016 -0.100664459168911 3.47997355461121 -0.00177698361221701 3.38359355926514 14.439
0.123835720121861 3.7357177734375 -0.101450257003307 3.4765202999115 -0.0106365568935871 3.3621289730072 14.475
0.114915706217289 3.68138122558594 -0.101404279470444 3.47133827209473 -0.0186280310153961 3.34085440635681 14.506
0.113624542951584 3.6528422832489 -0.101583182811737 3.47116088867188 -0.0241188481450081 3.31567144393921 14.541
0.0980621576309204 3.60967421531677 -0.102049492299557 3.46813344955444 -0.0310196168720722 3.2985258102417 14.574
0.0919095650315285 3.55498790740967 -0.101734772324562 3.46757197380066 -0.0354659259319305 3.27912330627441 14.605
0.0810646563768387 3.50811290740967 -0.101605631411076 3.46428990364075 -0.0377619937062263 3.26655197143555 14.64
0.0771294608712196 3.45342540740967 -0.100791946053505 3.46182441711426 -0.0457573235034943 3.25081968307495 14.674
0.0758493393659592 3.38896584510803 -0.102591201663017 3.45928430557251 -0.0519640557467937 3.23554086685181 14.707
0.0786436200141907 3.32451391220093 -0.102481976151466 3.45727968215942 -0.0540919937193394 3.22453880310059 14.737
0.0747720375657082 3.25810980796814 -0.103437833487988 3.45318460464478 -0.0578108280897141 3.21097731590271 14.771
0.0693519040942192 3.20537948608398 -0.103450313210487 3.44931483268738 -0.060950443148613 3.19666290283203 14.805
0.0665177926421165 3.16130828857422 -0.104092597961426 3.4451310634613 -0.0654230341315269 3.18424534797668 14.839
0.06535754352808 3.13401818275452 -0.103221297264099 3.44378423690796 -0.0671569481492043 3.17168498039246 14.873
0.0533402152359486 3.10566449165344 -0.103795230388641 3.44074416160584 -0.0704342499375343 3.15534162521362 14.908
0.0524286143481731 3.08505034446716 -0.104801513254642 3.43631267547607 -0.0709773004055023 3.13765954971313 14.939
0.0512885339558125 3.06814193725586 -0.103500537574291 3.43182802200317 -0.0710325837135315 3.12070059776306 14.972
0.0522888414561749 3.05695366859436 -0.104506388306618 3.42793464660645 -0.0700971558690071 3.1010274887085 15.007
0.0505688190460205 3.04897427558899 -0.102431021630764 3.42380166053772 -0.0694439709186554 3.08585524559021 15.036
0.0463489964604378 3.02764010429382 -0.101646520197392 3.41703367233276 -0.0672344490885735 3.06073093414307 15.075
0.0469062887132168 3.02790069580078 -0.101459369063377 3.41789841651917 -0.0629201084375381 3.04539966583252 15.111
0.0479543618857861 3.0268018245697 -0.100580468773842 3.37934350967407 -0.0568390041589737 3.02196550369263 15.139
0.0499797947704792 3.0252251625061 -0.10254929959774 3.35553622245789 -0.0512933284044266 2.9981586933136 15.172
0.0528538338840008 3.02265596389771 -0.106434419751167 3.31589818000793 -0.048635445535183 2.97752714157104 15.205
0.0546658709645271 3.01890683174133 -0.121184930205345 3.28319597244263 -0.0486224070191383 2.95685362815857 15.238
0.0547319613397121 3.016357421875 -0.137275248765945 3.24767804145813 -0.0465109944343567 2.94046378135681 15.277
0.0532923564314842 3.01241636276245 -0.136391296982765 3.19646263122559 -0.0409167446196079 2.91848206520081 15.308
0.0523193143308163 3.01093530654907 -0.139730021357536 3.17421698570251 -0.0371404215693474 2.90240287780762 15.342
0.0511767640709877 3.00894403457642 -0.135700434446335 3.14784359931946 -0.03415172919631 2.88583660125732 15.37
0.0498411320149899 3.00807118415833 -0.133043169975281 3.11849808692932 -0.0303818751126528 2.8727240562439 15.405
0.0444922335445881 3.00318241119385 -0.12521830201149 3.00227236747742 -0.0271789394319057 2.85438418388367 15.435
0.0404315330088139 3.00013303756714 -0.146504789590836 2.95927333831787 -0.026522571220994 2.84301352500916 15.473
0.0382255055010319 2.99760055541992 -0.145924240350723 2.9006769657135 -0.0234849713742733 2.82842612266541 15.507
0.0373338758945465 2.99189567565918 -0.161175638437271 2.84401416778564 -0.0237583238631487 2.81763982772827 15.54
0.0367079190909863 2.98943424224854 -0.167773246765137 2.79127192497253 -0.0250733327120543 2.80278444290161 15.575
0.0360461995005608 2.98738789558411 -0.168123677372932 2.75430822372437 -0.0247514024376869 2.79070067405701 15.605
0.0361494719982147 2.98501014709473 -0.165625467896461 2.71694183349609 -0.0259369537234306 2.77679347991943 15.639
0.0346004329621792 2.97795081138611 -0.17019060254097 2.68916797637939 -0.0287717133760452 2.75894284248352 15.674
0.0341822281479836 2.97655963897705 -0.170503616333008 2.66233015060425 -0.0316697619855404 2.74883604049683 15.708
0.0334511362016201 2.97466158866882 -0.170875564217567 2.65312957763672 -0.0372601002454758 2.73296666145325 15.741
0.0322895087301731 2.96690368652344 -0.182155072689056 2.62124991416931 -0.0436873510479927 2.71387362480164 15.773
0.0318300127983093 2.96222996711731 -0.182182744145393 2.61961674690247 -0.0509235635399818 2.69500184059143 15.806
0.0311843231320381 2.96027302742004 -0.182266399264336 2.61859941482544 -0.0603543482720852 2.67926025390625 15.841
0.0267428550869226 2.9579861164093 -0.182377532124519 2.61756539344788 -0.0695310682058334 2.66098046302795 15.874
0.0222110264003277 2.95200347900391 -0.183364540338516 2.61653876304626 -0.0789548978209496 2.6457667350769 15.903
0.023597763851285 2.94439554214478 -0.18467053771019 2.61497664451599 -0.0907002314925194 2.62557625770569 15.938
0.0218127369880676 2.91846013069153 -0.18585616350174 2.61349129676819 -0.10231901705265 2.60650038719177 15.973
0.0162589494138956 2.88414931297302 -0.186826929450035 2.61105108261108 -0.110434032976627 2.58760476112366 16.01
0.0174634326249361 2.86788105964661 -0.187591508030891 2.60972666740417 -0.116504848003387 2.57183718681335 16.04
0.0153282256796956 2.83902168273926 -0.188028201460838 2.60877847671509 -0.124716691672802 2.55521416664124 16.074
0.0119709121063352 2.78937721252441 -0.187893390655518 2.60871076583862 -0.129536405205727 2.54323291778564 16.106
-0.00040221432573162 2.74248290061951 -0.18762232363224 2.60858082771301 -0.133937552571297 2.52757358551025 16.141
-0.0100943818688393 2.69754958152771 -0.187165066599846 2.60897588729858 -0.137548685073853 2.51407265663147 16.174
-0.010315434075892 2.6506564617157 -0.187724739313126 2.60820055007935 -0.141246691346169 2.49836373329163 16.205
-0.0212239660322666 2.60570240020752 -0.187658280134201 2.60778331756592 -0.144993424415588 2.4869818687439 16.239
-0.0119102858006954 2.56295561790466 -0.188518181443214 2.60299825668335 -0.150412634015083 2.47250008583069 16.272
-0.0146970758214593 2.52199578285217 -0.187274247407913 2.59831237792969 -0.154981076717377 2.46117973327637 16.306
-0.0122236339375377 2.47087836265564 -0.184490889310837 2.59505391120911 -0.159165665507317 2.44741678237915 16.338
-0.0149927549064159 2.42785000801086 -0.184933096170425 2.59368824958801 -0.162917360663414 2.4335606098175 16.373
-0.0150009775534272 2.40142369270325 -0.185417219996452 2.59064817428589 -0.167045027017593 2.41780090332031 16.407
-0.0190970860421658 2.36157512664795 -0.186307594180107 2.58808732032776 -0.170645222067833 2.40648865699768 16.444
-0.0201635453850031 2.34414386749268 -0.188111290335655 2.58615636825562 -0.172256216406822 2.39211416244507 16.475
-0.0220502838492393 2.30645966529846 -0.190439432859421 2.58245635032654 -0.174307569861412 2.37197709083557 16.507
-0.0313231088221073 2.28764295578003 -0.192554831504822 2.57730317115784 -0.175572499632835 2.35736083984375 16.54
-0.0365676805377007 2.27302432060242 -0.193366274237633 2.57439947128296 -0.176562801003456 2.3384382724762 16.573
-0.040242824703455 2.26179146766663 -0.193989112973213 2.57125401496887 -0.179824188351631 2.32396340370178 16.609
-0.0398798771202564 2.24471139907837 -0.195766866207123 2.56612873077393 -0.177267268300056 2.30358171463013 16.639
-0.0403641238808632 2.24236679077148 -0.196773961186409 2.55994057655334 -0.176452994346619 2.28767895698547 16.671
-0.0418046489357948 2.23717284202576 -0.19718037545681 2.55754542350769 -0.175633981823921 2.26283025741577 16.704
-0.0427254661917686 2.23472952842712 -0.195599526166916 2.5535089969635 -0.170731782913208 2.24440026283264 16.738
-0.0434715524315834 2.23013520240784 -0.194617867469788 2.55181741714478 -0.164873972535133 2.22009968757629 16.772
-0.0434028171002865 2.22501564025879 -0.198434859514236 2.54553318023682 -0.157582372426987 2.19355487823486 16.805
-0.0431386306881905 2.22362542152405 -0.202458530664444 2.54175806045532 -0.154684692621231 2.1767885684967 16.838
-0.0421237759292126 2.22113060951233 -0.20527657866478 2.52694034576416 -0.152574792504311 2.1587827205658 16.872
-0.0420894213020802 2.21936416625977 -0.210463032126427 2.50550079345703 -0.151468083262444 2.14157032966614 16.906
-0.0417723022401333 2.21883010864258 -0.20669811964035 2.47546863555908 -0.151239350438118 2.12496590614319 16.938
-0.0417439378798008 2.21845817565918 -0.197720363736153 2.43494820594788 -0.148024246096611 2.10734987258911 16.974
-0.0417779870331287 2.2177791595459 -0.186372190713882 2.3827862739563 -0.144611805677414 2.0908989906311 17.007
-0.0417308360338211 2.21728205680847 -0.189905822277069 2.35591197013855 -0.140205249190331 2.07493042945862 17.038
-0.0416870266199112 2.21681690216064 -0.213747084140778 2.30841898918152 -0.133199110627174 2.05785703659058 17.074
-0.0424610450863838 2.21621251106262 -0.219507649540901 2.2596869468689 -0.125348016619682 2.04621529579163 17.105
-0.0450800321996212 2.2141125202179 -0.226684838533401 2.20477700233459 -0.119898110628128 2.03258562088013 17.141
-0.045338585972786 2.21375155448914 -0.242172747850418 2.14999723434448 -0.117107480764389 2.0190646648407 17.176
-0.0476816520094872 2.21293807029724 -0.243281587958336 2.08938884735107 -0.115123555064201 2.00457787513733 17.205
-0.0475126728415489 2.20901155471802 -0.249611660838127 2.03269410133362 -0.113723434507847 1.99005031585693 17.24
-0.0477568618953228 2.20772433280945 -0.255722373723984 1.9881454706192 -0.110693424940109 1.97743105888367 17.275
-0.048851054161787 2.2064220905304 -0.255541175603867 1.94324159622192 -0.109989359974861 1.96267282962799 17.306
-0.0519416965544224 2.20476961135864 -0.258458912372589 1.91068661212921 -0.110018670558929 1.94859540462494 17.341
-0.0534051619470119 2.20280647277832 -0.254506438970566 1.87627220153809 -0.109754525125027 1.93520855903625 17.377
-0.0598609410226345 2.19998788833618 -0.257468730211258 1.85559976100922 -0.109916605055332 1.91938424110413 17.405
-0.0592250116169453 2.19760131835938 -0.254212856292725 1.84120619297028 -0.11166600883007 1.90656304359436 17.437
-0.0586640983819962 2.19542527198792 -0.250785201787949 1.83240604400635 -0.112229190766811 1.89135384559631 17.473
-0.0583478063344955 2.19329500198364 -0.246584922075272 1.82417380809784 -0.11505563557148 1.8741307258606 17.505
-0.0635209009051323 2.19165229797363 -0.244107335805893 1.82138407230377 -0.117028191685677 1.85793793201447 17.539
-0.0695661008358002 2.18594431877136 -0.243320137262344 1.82052898406982 -0.120640657842159 1.84046876430511 17.572
-0.0697803944349289 2.18283820152283 -0.243293762207031 1.81968784332275 -0.128078699111938 1.82141900062561 17.608
-0.0665729194879532 2.17638564109802 -0.242731973528862 1.8160582780838 -0.132813036441803 1.80168318748474 17.64
-0.0635798275470734 2.16765785217285 -0.243029564619064 1.81516742706299 -0.13981918990612 1.78296566009521 17.674
-0.0622851811349392 2.13718199729919 -0.242864295840263 1.81157124042511 -0.142281025648117 1.7536209821701 17.706
-0.0602766238152981 2.11149597167969 -0.242918148636818 1.81011760234833 -0.145993456244469 1.74089872837067 17.74
-0.0563610792160034 2.07694888114929 -0.243072003126144 1.80818378925323 -0.155942916870117 1.71766245365143 17.771
-0.0540250912308693 2.04243230819702 -0.243694558739662 1.8066246509552 -0.162469625473022 1.70221590995789 17.809
-0.0522686913609505 2.00738787651062 -0.243652045726776 1.80511391162872 -0.165032774209976 1.68126451969147 17.846
-0.0479913912713528 1.95274889469147 -0.243542969226837 1.80354201793671 -0.165492251515388 1.67310607433319 17.873
-0.0514691099524498 1.89993834495544 -0.243127003312111 1.80257225036621 -0.180317237973213 1.6544075012207 17.907
-0.0600211657583714 1.85921001434326 -0.242232829332352 1.80131077766418 -0.186139568686485 1.6436539888382 17.939
-0.0540564656257629 1.79235708713531 -0.241317749023438 1.79911994934082 -0.201475352048874 1.62985038757324 17.973
-0.0486916899681091 1.74490141868591 -0.240380555391312 1.79743301868439 -0.209394171833992 1.61913406848907 18.008
-0.0552625060081482 1.67803883552551 -0.23874694108963 1.79545545578003 -0.214759454131126 1.61081683635712 18.043
-0.0550375282764435 1.62418532371521 -0.237446874380112 1.79593622684479 -0.21945558488369 1.60055005550385 18.073
-0.0583465062081814 1.5647611618042 -0.23672442138195 1.79440724849701 -0.224038898944855 1.58963072299957 18.105
-0.0658630505204201 1.51837289333344 -0.234854608774185 1.80101358890533 -0.228416815400124 1.57886028289795 18.139
-0.0697435960173607 1.49025619029999 -0.235397577285767 1.80313146114349 -0.23305381834507 1.56698775291443 18.176
-0.0789098367094994 1.46810328960419 -0.235511884093285 1.80409169197083 -0.228404343128204 1.55393993854523 18.207
-0.0866001769900322 1.42796182632446 -0.241604968905449 1.76972043514252 -0.201450124382973 1.47756266593933 18.241
-0.0891549289226532 1.42530560493469 -0.253537893295288 1.76780557632446 -0.201986283063889 1.47042155265808 18.283
-0.0926183387637138 1.42071712017059 -0.254535406827927 1.76730668544769 -0.201073259115219 1.45328366756439 18.31
-0.0965632125735283 1.41863608360291 -0.254017382860184 1.76559543609619 -0.199418604373932 1.43277502059937 18.338
-0.098057709634304 1.41712272167206 -0.253238558769226 1.76222145557404 -0.192888379096985 1.41313564777374 18.371
-0.0983493030071259 1.41693043708801 -0.253078103065491 1.76076340675354 -0.187760755419731 1.39731216430664 18.406
-0.097738616168499 1.41772484779358 -0.248026430606842 1.75174379348755 -0.183386504650116 1.38139617443085 18.438
-0.0968981459736824 1.41836822032928 -0.241070866584778 1.7395932674408 -0.180461630225182 1.36912930011749 18.473
-0.0953914374113083 1.41861748695374 -0.240712344646454 1.73107624053955 -0.178999170660973 1.35652279853821 18.506
-0.0942152813076973 1.41828095912933 -0.242635980248451 1.68435823917389 -0.178777933120728 1.34511971473694 18.54
-0.0936253890395164 1.41817474365234 -0.240227460861206 1.67557871341705 -0.176394939422607 1.33387696743011 18.574
-0.0936136394739151 1.41800117492676 -0.237051010131836 1.66221868991852 -0.175128683447838 1.32339298725128 18.606
-0.0936132594943047 1.41808462142944 -0.237603574991226 1.63115298748016 -0.174837306141853 1.31436896324158 18.642
-0.0937582403421402 1.41824519634247 -0.23850280046463 1.61025774478912 -0.172458529472351 1.30540120601654 18.675
-0.0940763652324677 1.41804337501526 -0.249805271625519 1.5782607793808 -0.171647399663925 1.29935657978058 18.705
-0.0942479968070984 1.41776621341705 -0.272838234901428 1.5358407497406 -0.170140966773033 1.29394829273224 18.739
-0.0946843922138214 1.41792821884155 -0.281143039464951 1.51801383495331 -0.169287249445915 1.28963148593903 18.773
-0.0961390808224678 1.41814732551575 -0.296824038028717 1.49362099170685 -0.168903678655624 1.28501713275909 18.806
-0.0974298715591431 1.41795098781586 -0.318392425775528 1.4447056055069 -0.169088572263718 1.28076064586639 18.84
-0.0992362201213837 1.4177622795105 -0.328981846570969 1.42801797389984 -0.168824717402458 1.27646219730377 18.874
-0.10029324889183 1.41750514507294 -0.339853376150131 1.40494453907013 -0.169524028897285 1.27273619174957 18.906
-0.101272188127041 1.41731131076813 -0.345017462968826 1.39374566078186 -0.17057766020298 1.26825499534607 18.939
-0.101845920085907 1.41732692718506 -0.347503215074539 1.38684821128845 -0.171519264578819 1.26452016830444 18.973
-0.102871045470238 1.41733407974243 -0.347706645727158 1.38437724113464 -0.172598078846931 1.25989699363708 19.006
-0.103709697723389 1.41721379756927 -0.346214860677719 1.38263463973999 -0.17346253991127 1.25666236877441 19.04
-0.104389548301697 1.4168655872345 -0.344708979129791 1.38199651241302 -0.174105584621429 1.25293326377869 19.077
-0.10570915043354 1.41694843769073 -0.342894792556763 1.38207960128784 -0.174677476286888 1.25063443183899 19.107
-0.106667026877403 1.41686165332794 -0.341944247484207 1.38287949562073 -0.175552189350128 1.24773371219635 19.14
-0.107867918908596 1.4170937538147 -0.341504603624344 1.38407218456268 -0.176753237843513 1.24567699432373 19.177
-0.108772054314613 1.4174097776413 -0.340646982192993 1.38539373874664 -0.177426338195801 1.24445033073425 19.207
-0.109484255313873 1.41741359233856 -0.340303421020508 1.38619637489319 -0.179445013403893 1.24282371997833 19.24
-0.110370270907879 1.41784262657166 -0.340413928031921 1.38718235492706 -0.18127903342247 1.24171924591064 19.278
-0.111050963401794 1.41803240776062 -0.340557664632797 1.38792181015015 -0.183122351765633 1.2404887676239 19.314
-0.11191438883543 1.41854310035706 -0.340595573186874 1.3883421421051 -0.184993579983711 1.23961913585663 19.342
-0.112195327877998 1.4184376001358 -0.340781629085541 1.38892376422882 -0.186936154961586 1.23836123943329 19.374
