0.0457544147236896
0.0168589460155896
0.0220307488015791
0.0215560695469489
0.0123341832002872
0.0242041018390443
0.032327589018586
0.0172801603832469
0.0178625161807512
0.0160494782149905
0.0189167188262625
0.0216857959972469
0.0136957500742311
0.0116388142798703
0.0102592336423148
0.0159131553467026
0.016231288721309
0.139634586959039
0.131598786317789
0.0815014906333569
0.0724866191047372
0.0767554133680465
0.0710020397237846
0.0813879531888682
0.133720269029499
0.182906636669808
0.248620500010881
0.330646144157865
0.337697605730955
0.373754070164736
0.382877922204198
0.397010038983711
0.402572132329404
0.407198227551778
0.408828580300963
0.415884632013875
0.407892769215903
0.388975585865624
0.364294459416058
0.346870546687648
0.328871747983719
0.298532547989448
0.248938385134149
0.151669017434079
0.067913663912011
0.0372561129674867
0.0729041940735263
0.0915169933128344
0.123256757329514
0.210877559038052
0.292093975550236
0.311630778076964
0.355120661780281
0.353923584451141
0.362493059274609
0.350529577633645
0.357020294337382
0.332636749107924
0.294389265158312
0.279960853242141
0.215737965665777
0.224059621423403
0.201742166734719
0.262476849050528
0.218401600779683
0.148756976633471
0.0986844312621098
0.0850786284342638
0.0855036521326155
0.211858020603264
0.21133630178896
0.281669586546745
0.344256771473769
0.402076732160281
0.435442296666811
0.461333903167389
0.474721875092298
0.476982257984183
0.476593651459276
0.473266245903823
0.467147077690156
0.460957452352254
0.442824761817604
0.418917200315996
0.400209972375594
0.358807253446651
0.325235193547626
0.279271534348458
0.230017855466434
0.187133347007552
0.130058063607397
0.0270990773944466
0.0518918599566286
0.0605305768776271
0.0579779915297596
0.199288364923591
0.246077478944262
0.26597766399691
0.401919365140376
0.2656408537342
0.313250848274323
0.314458739311301
0.319011511393558
0.306842940529581
0.302038805362871
0
0.0889142082558032
0.0702072901841911
0.0665161077703017
0.0648947828988842
0.0631020173010892
0.0621321610633025
0.0604423356178352
0.0553723955074947
0.0553376529702142
0.0451906227317614
0.0480793092811413
0.0677229018976145
0.108219671793049
0.15190096492382
0.178677745978761
0.215331984111368
0.220548172733007
0.228778468762403
0.272603067803932
0.283701349229656
0.306598470605385
0.298195351792558
0.292567630550582
0.284834967058602
0.278689231621321
0.270349241045652
0.238504829092591
0.251692645058285
0.201884862440435
0.229094983310539
0.205759667905242
0.190816258133927
0.208062211224338
0.205122984621683
0.106257905711981
0.0642573111075281
0.0628862180898465
0.0662751497324081
0.0778159826364301
0.204130222136026
0.197886476377322
0.2536163429714
0.328685891796291
0.36720387108037
0.397022331303673
0.408323649566673
0.41180460733523
0.416414397116842
0.423379922889087
0.420598697120202
0.414252244405206
0.40253288185087
0.389269211699041
0.368351181927694
0.336838721098786
0.307732817058314
0.29353218719236
0.25092441694363
0.183027766330023
0.1385695075134
0.097968763091035
0.0316536084576812
0.0597663276126692
0.230890549484244
0.186352910368919
0.290230365840897
0.373857070286304
0.392814728021581
0.402331903134431
0.396607265838916
0.372781642673089
0.334940853133999
0.317297792652492
0.278841234197434
0.250837638247453
0.257746509638034
0.192958035881641
0.190115332684109
0.254257973824738
0.17362298452275
0.15748171700069
0.0933546987201517
0.0720158079384639
0.150505815527384
0.218780777708811
0.273260075875735
0.282196714789424
0.345855831683335
0.407424074514162
0.436009291465424
0.470501662176232
0.476542475619723
0.47700888914377
0.475610587505121
0.472420842229547
0.465020074591601
0.457974512161088
0.359301873706427
0.415503614876939
0.412000013150377
0.356556458255682
0.325704864777933
0.275696990897236
0.221155686593968
0.180092824187998
0.129437108328067
0.0294434418326298
0.0468657991912482
0.043419720748374
0.0692797240782938
0.0610976768943625
0.0913943788141934
0.372726276658048
0.382589122493019
0.241274501940659
0.288038647102399
0.301638382273897
0.303616920501373
0.291785550309604
0.283102421773226
0
0.0527458178503028
0.0527744822506042
0.0546283601514335
0.0524231418432325
0.0549387689463659
0.0550376405033819
0.0532763833700273
0.0479499231109408
0.0589052319859121
0.050974281203753
0.0441523727227189
0.0623282848453794
0.0745232945454087
0.143733074406625
0.178693592716012
0.241539971346792
0.141916367280438
0.255694768327826
0.274710221967194
0.288488370481146
0.307348850144536
0.299272660448951
0.284281679293121
0.277754674405023
0.26419054444834
0.266397615468446
0.26550255544798
0.248410371089678
0.167925752432319
0.194009019932601
0.150071049155857
0.163282769807086
0.0910174822342981
0.170724047810457
0.0756996216305974
0.0593463905639059
0.0512504707238886
0.0696776844085414
0.081373100031946
0.143099042602802
0.263652649027629
0.27599712561015
0.32121768757231
0.374139369805516
0.406388139857059
0.417147696878591
0.418534229145832
0.423424733008625
0.425116219439473
0.42141681237223
0.40619996752264
0.397396666808105
0.381967737929148
0.360847562979684
0.329605449402284
0.304147887700413
0.256649401447553
0.25043924362745
0.186698800753806
0.0784149508078749
0.0481393984310209
0.0366352692691229
0.0771772735515645
0.171149004684819
0.213766426571789
0.27135738620509
0.362045857566332
0.380960232917754
0.39187641209132
0.390875722769276
0.372356025308145
0.336391621810401
0.317673245576836
0.27842582388343
0.254080507747732
0.246250483011943
0.226185598710092
0.2014077319664
0.254360498795064
0.173657869843095
0.157403104362097
0.0944908589751548
0.0715911092758167
0.151105809836782
0.21460650561952
0.270984499334017
0.283954704127955
0.350470765030325
0.407615785950539
0.436179731071002
0.471570322085966
0.477479254426593
0.478796433002757
0.478628017447945
0.474832430222127
0.467466587609959
0.460360119899682
0.356027341742003
0.417856783142968
0.414353624595122
0.359593975939452
0.328068965478496
0.271578161555793
0.222049326591218
0.175423041619207
0.130632333919694
0.0300403185573733
0.0456069224884465
0.0893105585130822
0.07111178129132
0.0620522216018683
0.0926140945512998
0.351069697948792
0.376378399728387
0.233149582506613
0.281971979556435
0.295039577448837
0.296962360195861
0.285831839148482
0.277439199943111
