0.730033804804283
0.724878149865271
0.716542872955075
0.704673148810325
0.689116591650491
0.678992175757622
0.673654814525352
0.690436962873194
0.696286669454653
0.704823381019666
0.69659571890755
0.679559098218017
0.684793446120746
0.702247387293076
0.729128965562964
0.796661748111985
0.842995761562659
0.895441627511778
0.928115005127293
0.93947856906841
0.93454960195239
0.91107759572089
0.869425096204666
0.818173307386086
0.7519705295278
0.688224134675824
0.666618412302487
0.679563620175161
0.733993871827108
0.815032740613698
0.904502547265926
0.97315734358022
1.02182679133845
1.04566760649981
1.05124086025566
1.05024931119917
1.03880778561742
1.02718224485496
1.00596107952153
0.970962897331414
0.913357490406933
0.843716877962228
0.765275018194042
0.699200015228023
0.680472794047561
0.689534781860935
0.713214678599859
0.767240206215591
0.812680350736977
0.84933422929666
0.870673863900679
0.877533174896291
0.871019308167313
0.854662036081507
0.825782687419963
0.79086525039959
0.73973615678744
0.687623089114805
0.645772491659199
0.620685571075053
0.645497997259941
0.663274676352017
0.724484707772607
0.78842824880129
0.840604467523961
0.885260762991659
0.91976367245128
0.937854643165729
0.944384467006839
0.945045020831652
0.94198152578637
0.929231035393631
0.910599110562346
0.883258493806896
0.85545015969259
0.818123235213421
0.780671140677176
0.740674544531502
0.7108273875258
0.705108762716904
0.718555636708681
0.730257366470634
0.758952001735333
0.787969820212682
0.817880424089998
0.839663418953627
0.853019862592132
0.855598141807863
0.849165733415831
0.834670192308576
0.809149909121275
0.782495514179284
0.7646179461206
0.739698652751267
0.724290365364945
0.718151718183349
0.724867486902328
0.747034170628164
0.780086251193144
0.815623753932899
0.84672710047351
0.862454435344777
0.868179191784058
0.870392748231989
0.863196201518639
0.842862593540894
0.816952933313313
0.788628612153004
0.755579935357827
0.727363969074436
0.696705140670378
0.669950922154887
0.651506573417799
0.639740809513417
0.652794678611982
0.667604522278173
0.692037912978108
0.717797685257332
0.743067187712994
0.762725730113798
0.776668536384991
0.722825832117142
0.72085328092373
0.722715427346634
0.723533848601737
0.725035291779655
0.725097013101402
0.728224348347998
0.730102803528216
0.732735364583414
0.734862651905552
0.735102233145627
0.734649069227571
0.732789131169705
0.729363411038888
0.724541409414349
0.716522212682866
0.704804272888202
0.691358995667132
0.690436961979935
0.696286669454653
